6239 = number of voxels
4 = number of ROIs
X-MNI,Y-MNI,Z-MNI,Lobe,Structure,Brodmann area,ROI-number [1...4] (if zero then not included in any ROI)
-40,-5,-45,Temporal Lobe,Inferior Temporal Gyrus,Brodmann area 20,0
-40,0,-45,Temporal Lobe,Inferior Temporal Gyrus,Brodmann area 20,0
-40,5,-45,Temporal Lobe,Middle Temporal Gyrus,Brodmann area 38,0
-35,-5,-45,Temporal Lobe,Inferior Temporal Gyrus,Brodmann area 20,0
-35,0,-45,Temporal Lobe,Inferior Temporal Gyrus,Brodmann area 20,0
-35,5,-45,Temporal Lobe,Middle Temporal Gyrus,Brodmann area 38,0
-30,-5,-45,Limbic Lobe,Inferior Temporal Gyrus,Brodmann area 20,0
-30,0,-45,Temporal Lobe,Inferior Temporal Gyrus,Brodmann area 20,0
-30,10,-45,Temporal Lobe,Superior Temporal Gyrus,Brodmann area 38,0
-25,0,-45,Limbic Lobe,Uncus,Brodmann area 20,0
-25,5,-45,Limbic Lobe,Uncus,Brodmann area 38,0
25,0,-45,Limbic Lobe,Uncus,Brodmann area 20,0
25,5,-45,Limbic Lobe,Uncus,Brodmann area 38,0
25,10,-45,Temporal Lobe,*,Brodmann area 38,0
30,-5,-45,Limbic Lobe,Uncus,Brodmann area 20,0
30,0,-45,Limbic Lobe,Uncus,Brodmann area 20,0
35,-5,-45,Temporal Lobe,Inferior Temporal Gyrus,Brodmann area 20,0
35,0,-45,Temporal Lobe,Inferior Temporal Gyrus,Brodmann area 20,0
35,5,-45,Temporal Lobe,Middle Temporal Gyrus,Brodmann area 38,0
35,10,-45,Temporal Lobe,Middle Temporal Gyrus,Brodmann area 38,0
35,15,-45,Temporal Lobe,Superior Temporal Gyrus,Brodmann area 38,0
40,-5,-45,Temporal Lobe,Inferior Temporal Gyrus,Brodmann area 20,0
40,0,-45,Temporal Lobe,Inferior Temporal Gyrus,Brodmann area 20,0
40,5,-45,Temporal Lobe,Middle Temporal Gyrus,Brodmann area 38,0
40,10,-45,Temporal Lobe,Middle Temporal Gyrus,Brodmann area 38,0
45,5,-45,Temporal Lobe,Middle Temporal Gyrus,Brodmann area 38,0
-55,-5,-40,Temporal Lobe,Inferior Temporal Gyrus,Brodmann area 20,0
-50,-10,-40,Temporal Lobe,Inferior Temporal Gyrus,Brodmann area 20,0
-50,-5,-40,Temporal Lobe,Inferior Temporal Gyrus,Brodmann area 20,0
-50,0,-40,Temporal Lobe,Inferior Temporal Gyrus,Brodmann area 20,0
-50,5,-40,Temporal Lobe,Middle Temporal Gyrus,Brodmann area 21,0
-45,-10,-40,Temporal Lobe,Inferior Temporal Gyrus,Brodmann area 20,0
-45,-5,-40,Temporal Lobe,Inferior Temporal Gyrus,Brodmann area 20,0
-45,0,-40,Temporal Lobe,Inferior Temporal Gyrus,Brodmann area 20,0
-45,5,-40,Temporal Lobe,Middle Temporal Gyrus,Brodmann area 21,0
-45,10,-40,Temporal Lobe,Middle Temporal Gyrus,Brodmann area 21,0
-40,-10,-40,Temporal Lobe,Inferior Temporal Gyrus,Brodmann area 20,0
-40,-5,-40,Temporal Lobe,Inferior Temporal Gyrus,Brodmann area 20,0
-40,0,-40,Temporal Lobe,Middle Temporal Gyrus,Brodmann area 21,0
-40,5,-40,Temporal Lobe,Middle Temporal Gyrus,Brodmann area 38,0
-40,10,-40,Temporal Lobe,Middle Temporal Gyrus,Brodmann area 21,0
-40,15,-40,Temporal Lobe,Superior Temporal Gyrus,Brodmann area 38,0
-35,-10,-40,Limbic Lobe,Uncus,Brodmann area 20,0
-35,10,-40,Temporal Lobe,Superior Temporal Gyrus,Brodmann area 38,0
-35,15,-40,Temporal Lobe,Superior Temporal Gyrus,Brodmann area 38,0
-30,-10,-40,Limbic Lobe,Uncus,Brodmann area 20,0
-30,-5,-40,Limbic Lobe,Uncus,Brodmann area 20,0
-30,0,-40,Limbic Lobe,Uncus,Brodmann area 20,0
-30,15,-40,Temporal Lobe,Superior Temporal Gyrus,Brodmann area 38,0
-25,-5,-40,Limbic Lobe,Uncus,Brodmann area 36,0
-25,0,-40,Limbic Lobe,Uncus,Brodmann area 20,0
-25,5,-40,Limbic Lobe,Uncus,Brodmann area 38,0
-25,10,-40,Temporal Lobe,Superior Temporal Gyrus,Brodmann area 38,0
-25,15,-40,Temporal Lobe,Superior Temporal Gyrus,Brodmann area 38,0
-20,0,-40,Limbic Lobe,Uncus,Brodmann area 36,0
-20,5,-40,Limbic Lobe,Uncus,Brodmann area 38,0
20,5,-40,Limbic Lobe,Uncus,Brodmann area 38,0
20,10,-40,Limbic Lobe,Uncus,Brodmann area 38,0
25,-5,-40,Limbic Lobe,Uncus,Brodmann area 36,0
25,0,-40,Limbic Lobe,Uncus,Brodmann area 36,0
25,5,-40,Limbic Lobe,Uncus,Brodmann area 38,0
25,10,-40,Temporal Lobe,Superior Temporal Gyrus,Brodmann area 38,0
25,15,-40,Temporal Lobe,Superior Temporal Gyrus,Brodmann area 38,0
30,-5,-40,Limbic Lobe,Uncus,Brodmann area 20,0
30,0,-40,Limbic Lobe,Uncus,Brodmann area 20,0
30,15,-40,Temporal Lobe,Superior Temporal Gyrus,Brodmann area 38,0
30,20,-40,Temporal Lobe,Superior Temporal Gyrus,Brodmann area 38,0
35,-10,-40,Limbic Lobe,Uncus,Brodmann area 20,0
35,-5,-40,Limbic Lobe,Uncus,Brodmann area 20,0
35,10,-40,Temporal Lobe,Superior Temporal Gyrus,Brodmann area 38,0
35,15,-40,Temporal Lobe,Superior Temporal Gyrus,Brodmann area 38,0
35,20,-40,Temporal Lobe,Superior Temporal Gyrus,Brodmann area 38,0
40,-10,-40,Temporal Lobe,Inferior Temporal Gyrus,Brodmann area 20,0
40,-5,-40,Temporal Lobe,Middle Temporal Gyrus,Brodmann area 21,0
40,0,-40,Temporal Lobe,Inferior Temporal Gyrus,Brodmann area 20,0
40,5,-40,Temporal Lobe,Middle Temporal Gyrus,Brodmann area 38,0
40,10,-40,Temporal Lobe,Middle Temporal Gyrus,Brodmann area 21,0
40,15,-40,Temporal Lobe,Superior Temporal Gyrus,Brodmann area 38,0
45,-10,-40,Temporal Lobe,Inferior Temporal Gyrus,Brodmann area 20,0
45,-5,-40,Temporal Lobe,Inferior Temporal Gyrus,Brodmann area 20,0
45,0,-40,Temporal Lobe,Middle Temporal Gyrus,Brodmann area 21,0
45,5,-40,Temporal Lobe,Middle Temporal Gyrus,Brodmann area 21,0
45,10,-40,Temporal Lobe,Middle Temporal Gyrus,Brodmann area 21,0
50,-10,-40,Temporal Lobe,Inferior Temporal Gyrus,Brodmann area 20,0
50,-5,-40,Temporal Lobe,Inferior Temporal Gyrus,Brodmann area 20,0
50,0,-40,Temporal Lobe,Inferior Temporal Gyrus,Brodmann area 20,0
50,5,-40,Temporal Lobe,Middle Temporal Gyrus,Brodmann area 21,0
50,10,-40,Temporal Lobe,Middle Temporal Gyrus,Brodmann area 21,0
-55,-15,-35,Temporal Lobe,Inferior Temporal Gyrus,Brodmann area 20,0
-55,-10,-35,Temporal Lobe,Inferior Temporal Gyrus,Brodmann area 20,0
-55,-5,-35,Temporal Lobe,Inferior Temporal Gyrus,Brodmann area 20,0
-50,-20,-35,Temporal Lobe,Inferior Temporal Gyrus,Brodmann area 20,0
-50,-15,-35,Temporal Lobe,Inferior Temporal Gyrus,Brodmann area 20,0
-50,-10,-35,Temporal Lobe,Inferior Temporal Gyrus,Brodmann area 20,0
-50,0,-35,Temporal Lobe,Inferior Temporal Gyrus,Brodmann area 20,0
-50,5,-35,Temporal Lobe,Middle Temporal Gyrus,Brodmann area 21,0
-50,10,-35,Temporal Lobe,Middle Temporal Gyrus,Brodmann area 21,0
-45,-20,-35,Temporal Lobe,Inferior Temporal Gyrus,Brodmann area 20,0
-45,-15,-35,Temporal Lobe,Inferior Temporal Gyrus,Brodmann area 20,0
-45,-10,-35,Temporal Lobe,Inferior Temporal Gyrus,Brodmann area 20,0
-45,-5,-35,Temporal Lobe,Inferior Temporal Gyrus,Brodmann area 20,0
-45,0,-35,Temporal Lobe,Middle Temporal Gyrus,Brodmann area 21,0
-45,5,-35,Temporal Lobe,Middle Temporal Gyrus,Brodmann area 21,0
-45,10,-35,Temporal Lobe,Middle Temporal Gyrus,Brodmann area 21,0
-45,15,-35,Temporal Lobe,Superior Temporal Gyrus,Brodmann area 38,0
-40,-20,-35,Temporal Lobe,Inferior Temporal Gyrus,Brodmann area 20,0
-40,-15,-35,Temporal Lobe,Inferior Temporal Gyrus,Brodmann area 20,0
-40,-10,-35,Temporal Lobe,Inferior Temporal Gyrus,Brodmann area 20,0
-40,-5,-35,Temporal Lobe,Middle Temporal Gyrus,Brodmann area 21,0
-40,0,-35,Temporal Lobe,Middle Temporal Gyrus,Brodmann area 21,0
-40,5,-35,Temporal Lobe,Middle Temporal Gyrus,Brodmann area 21,0
-40,10,-35,Temporal Lobe,Superior Temporal Gyrus,Brodmann area 38,0
-40,15,-35,Temporal Lobe,Superior Temporal Gyrus,Brodmann area 38,0
-40,20,-35,Temporal Lobe,Superior Temporal Gyrus,Brodmann area 38,0
-35,-15,-35,Limbic Lobe,Uncus,Brodmann area 20,0
-35,10,-35,Temporal Lobe,Superior Temporal Gyrus,Brodmann area 38,0
-35,15,-35,Temporal Lobe,Superior Temporal Gyrus,Brodmann area 38,0
-35,20,-35,Temporal Lobe,Superior Temporal Gyrus,Brodmann area 38,0
-30,-15,-35,Limbic Lobe,Uncus,Brodmann area 20,0
-30,-10,-35,Limbic Lobe,Uncus,Brodmann area 20,0
-30,15,-35,Temporal Lobe,Superior Temporal Gyrus,Brodmann area 38,0
-30,20,-35,Temporal Lobe,Superior Temporal Gyrus,Brodmann area 38,0
-25,-10,-35,Limbic Lobe,Uncus,Brodmann area 28,0
-25,10,-35,Limbic Lobe,Uncus,Brodmann area 38,0
-25,15,-35,Temporal Lobe,Superior Temporal Gyrus,Brodmann area 38,0
-25,20,-35,Temporal Lobe,Superior Temporal Gyrus,Brodmann area 38,0
-20,-10,-35,Limbic Lobe,Uncus,Brodmann area 28,0
-20,-5,-35,Limbic Lobe,Uncus,Brodmann area 36,0
-20,0,-35,Limbic Lobe,Uncus,Brodmann area 36,0
-20,5,-35,Limbic Lobe,Uncus,Brodmann area 28,0
-20,10,-35,Temporal Lobe,Superior Temporal Gyrus,Brodmann area 38,0
20,-10,-35,Limbic Lobe,Uncus,Brodmann area 28,0
20,-5,-35,Limbic Lobe,Uncus,Brodmann area 36,0
20,0,-35,Limbic Lobe,Uncus,Brodmann area 36,0
20,5,-35,Limbic Lobe,Uncus,Brodmann area 28,0
25,-10,-35,Limbic Lobe,Uncus,Brodmann area 28,0
25,5,-35,Limbic Lobe,Uncus,Brodmann area 36,0
25,10,-35,Limbic Lobe,Uncus,Brodmann area 38,0
25,15,-35,Temporal Lobe,Superior Temporal Gyrus,Brodmann area 38,0
30,-15,-35,Limbic Lobe,Uncus,Brodmann area 20,0
30,-10,-35,Limbic Lobe,Uncus,Brodmann area 20,0
30,15,-35,Temporal Lobe,Superior Temporal Gyrus,Brodmann area 38,0
30,20,-35,Temporal Lobe,Superior Temporal Gyrus,Brodmann area 38,0
35,-15,-35,Limbic Lobe,Uncus,Brodmann area 20,0
35,10,-35,Temporal Lobe,Superior Temporal Gyrus,Brodmann area 38,0
35,20,-35,Temporal Lobe,Superior Temporal Gyrus,Brodmann area 38,0
40,-20,-35,Temporal Lobe,Inferior Temporal Gyrus,Brodmann area 20,0
40,-15,-35,Temporal Lobe,Inferior Temporal Gyrus,Brodmann area 20,0
40,-10,-35,Temporal Lobe,Inferior Temporal Gyrus,Brodmann area 20,0
40,-5,-35,Temporal Lobe,Middle Temporal Gyrus,Brodmann area 21,0
40,0,-35,Temporal Lobe,Middle Temporal Gyrus,Brodmann area 21,0
40,5,-35,Temporal Lobe,Middle Temporal Gyrus,Brodmann area 21,0
40,10,-35,Temporal Lobe,Superior Temporal Gyrus,Brodmann area 38,0
40,15,-35,Temporal Lobe,Superior Temporal Gyrus,Brodmann area 38,0
40,20,-35,Temporal Lobe,Superior Temporal Gyrus,Brodmann area 38,0
45,-20,-35,Temporal Lobe,Inferior Temporal Gyrus,Brodmann area 20,0
45,-15,-35,Temporal Lobe,Inferior Temporal Gyrus,Brodmann area 20,0
45,-10,-35,Temporal Lobe,Inferior Temporal Gyrus,Brodmann area 20,0
45,-5,-35,Temporal Lobe,Inferior Temporal Gyrus,Brodmann area 20,0
45,0,-35,Temporal Lobe,Middle Temporal Gyrus,Brodmann area 21,0
45,5,-35,Temporal Lobe,Middle Temporal Gyrus,Brodmann area 21,0
45,10,-35,Temporal Lobe,Middle Temporal Gyrus,Brodmann area 21,0
45,15,-35,Temporal Lobe,Superior Temporal Gyrus,Brodmann area 38,0
45,20,-35,Temporal Lobe,Superior Temporal Gyrus,Brodmann area 38,0
50,-20,-35,Temporal Lobe,Inferior Temporal Gyrus,Brodmann area 20,0
50,-15,-35,Temporal Lobe,Inferior Temporal Gyrus,Brodmann area 20,0
50,-10,-35,Temporal Lobe,Inferior Temporal Gyrus,Brodmann area 20,0
50,0,-35,Temporal Lobe,Inferior Temporal Gyrus,Brodmann area 20,0
50,5,-35,Temporal Lobe,Middle Temporal Gyrus,Brodmann area 21,0
50,10,-35,Temporal Lobe,Middle Temporal Gyrus,Brodmann area 21,0
55,-15,-35,Temporal Lobe,Inferior Temporal Gyrus,Brodmann area 20,0
55,-10,-35,Temporal Lobe,Inferior Temporal Gyrus,Brodmann area 20,0
55,-5,-35,Temporal Lobe,Inferior Temporal Gyrus,Brodmann area 20,0
55,5,-35,Temporal Lobe,Middle Temporal Gyrus,Brodmann area 21,0
-60,-15,-30,Temporal Lobe,Fusiform Gyrus,Brodmann area 20,0
-60,-10,-30,Temporal Lobe,Fusiform Gyrus,Brodmann area 20,0
-60,-5,-30,Temporal Lobe,Fusiform Gyrus,Brodmann area 20,0
-55,-40,-30,Temporal Lobe,Fusiform Gyrus,Brodmann area 20,0
-55,-35,-30,Temporal Lobe,Fusiform Gyrus,Brodmann area 20,0
-55,-20,-30,Temporal Lobe,Fusiform Gyrus,Brodmann area 20,0
-55,-5,-30,Temporal Lobe,Fusiform Gyrus,Brodmann area 20,0
-55,0,-30,Temporal Lobe,Middle Temporal Gyrus,Brodmann area 21,0
-55,5,-30,Temporal Lobe,Middle Temporal Gyrus,Brodmann area 21,0
-50,-40,-30,Temporal Lobe,Fusiform Gyrus,Brodmann area 20,0
-50,-25,-30,Temporal Lobe,Fusiform Gyrus,Brodmann area 20,0
-50,-20,-30,Temporal Lobe,Fusiform Gyrus,Brodmann area 20,0
-50,-5,-30,Temporal Lobe,Fusiform Gyrus,Brodmann area 20,0
-50,0,-30,Temporal Lobe,Middle Temporal Gyrus,Brodmann area 21,0
-50,10,-30,Temporal Lobe,Middle Temporal Gyrus,Brodmann area 21,0
-50,15,-30,Temporal Lobe,Superior Temporal Gyrus,Brodmann area 38,0
-45,-40,-30,Temporal Lobe,Fusiform Gyrus,Brodmann area 36,0
-45,-35,-30,Temporal Lobe,Fusiform Gyrus,Brodmann area 20,0
-45,-25,-30,Temporal Lobe,Fusiform Gyrus,Brodmann area 20,0
-45,-20,-30,Temporal Lobe,Fusiform Gyrus,Brodmann area 20,0
-45,-10,-30,Temporal Lobe,Fusiform Gyrus,Brodmann area 20,0
-45,0,-30,Temporal Lobe,Middle Temporal Gyrus,Brodmann area 21,0
-45,5,-30,Temporal Lobe,Middle Temporal Gyrus,Brodmann area 21,0
-45,10,-30,Temporal Lobe,Superior Temporal Gyrus,Brodmann area 38,0
-45,15,-30,Temporal Lobe,Superior Temporal Gyrus,Brodmann area 38,0
-45,20,-30,Temporal Lobe,Superior Temporal Gyrus,Brodmann area 38,0
-40,-35,-30,Temporal Lobe,Fusiform Gyrus,Brodmann area 36,0
-40,-25,-30,Temporal Lobe,Fusiform Gyrus,Brodmann area 20,0
-40,-20,-30,Temporal Lobe,Fusiform Gyrus,Brodmann area 20,0
-40,-15,-30,Temporal Lobe,Fusiform Gyrus,Brodmann area 20,0
-40,-10,-30,Temporal Lobe,Fusiform Gyrus,Brodmann area 20,0
-40,10,-30,Temporal Lobe,Superior Temporal Gyrus,Brodmann area 38,0
-40,15,-30,Temporal Lobe,Superior Temporal Gyrus,Brodmann area 38,0
-40,20,-30,Temporal Lobe,Superior Temporal Gyrus,Brodmann area 38,0
-35,-25,-30,Limbic Lobe,Parahippocampal Gyrus,Brodmann area 36,0
-35,-20,-30,Limbic Lobe,Parahippocampal Gyrus,Brodmann area 36,0
-35,15,-30,Temporal Lobe,Superior Temporal Gyrus,Brodmann area 38,0
-35,20,-30,Temporal Lobe,Superior Temporal Gyrus,Brodmann area 38,0
-30,-25,-30,Limbic Lobe,Parahippocampal Gyrus,Brodmann area 36,0
-30,-20,-30,Limbic Lobe,Parahippocampal Gyrus,Brodmann area 36,0
-30,15,-30,Temporal Lobe,Superior Temporal Gyrus,Brodmann area 38,0
-30,20,-30,Temporal Lobe,Superior Temporal Gyrus,Brodmann area 38,0
-25,-20,-30,Limbic Lobe,Parahippocampal Gyrus,Brodmann area 36,0
-25,-15,-30,Limbic Lobe,Parahippocampal Gyrus,Brodmann area 35,0
-25,5,-30,Limbic Lobe,Uncus,Brodmann area 28,0
-25,10,-30,Temporal Lobe,Superior Temporal Gyrus,Brodmann area 38,0
-25,15,-30,Temporal Lobe,Superior Temporal Gyrus,Brodmann area 38,0
-20,-10,-30,Limbic Lobe,Parahippocampal Gyrus,Brodmann area 35,0
-20,-5,-30,Limbic Lobe,Uncus,Brodmann area 28,0
-20,5,-30,Limbic Lobe,Uncus,Brodmann area 28,0
-20,30,-30,Frontal Lobe,Orbital Gyrus,Brodmann area 47,0
-15,-5,-30,Limbic Lobe,Uncus,Brodmann area 28,0
-15,0,-30,Limbic Lobe,Uncus,Brodmann area 28,0
-15,25,-30,Frontal Lobe,Orbital Gyrus,Brodmann area 47,0
-15,30,-30,Frontal Lobe,Orbital Gyrus,Brodmann area 47,0
-10,20,-30,Frontal Lobe,Rectal Gyrus,Brodmann area 11,0
-10,25,-30,Frontal Lobe,Rectal Gyrus,Brodmann area 11,0
5,20,-30,Frontal Lobe,Rectal Gyrus,Brodmann area 11,0
5,25,-30,Frontal Lobe,Rectal Gyrus,Brodmann area 11,0
10,20,-30,Frontal Lobe,Rectal Gyrus,Brodmann area 11,0
10,30,-30,Frontal Lobe,Rectal Gyrus,Brodmann area 11,0
15,-5,-30,Limbic Lobe,Uncus,Brodmann area 28,0
15,0,-30,Limbic Lobe,Uncus,Brodmann area 28,0
15,25,-30,Frontal Lobe,Orbital Gyrus,Brodmann area 47,0
15,30,-30,Frontal Lobe,Orbital Gyrus,Brodmann area 47,0
15,35,-30,Frontal Lobe,Orbital Gyrus,Brodmann area 11,0
20,-10,-30,Limbic Lobe,Parahippocampal Gyrus,Brodmann area 35,0
20,-5,-30,Limbic Lobe,Uncus,Brodmann area 28,0
20,5,-30,Limbic Lobe,Uncus,Brodmann area 28,0
20,30,-30,Frontal Lobe,Orbital Gyrus,Brodmann area 47,0
25,-20,-30,Limbic Lobe,Parahippocampal Gyrus,Brodmann area 36,0
25,-15,-30,Limbic Lobe,Parahippocampal Gyrus,Brodmann area 35,0
25,5,-30,Limbic Lobe,Uncus,Brodmann area 28,0
25,10,-30,Temporal Lobe,Superior Temporal Gyrus,Brodmann area 38,0
25,15,-30,Temporal Lobe,Superior Temporal Gyrus,Brodmann area 38,0
30,-25,-30,Limbic Lobe,Parahippocampal Gyrus,Brodmann area 36,0
30,-20,-30,Limbic Lobe,Parahippocampal Gyrus,Brodmann area 36,0
30,-15,-30,Limbic Lobe,Parahippocampal Gyrus,Brodmann area 36,0
30,15,-30,Temporal Lobe,Superior Temporal Gyrus,Brodmann area 38,0
30,20,-30,Temporal Lobe,Superior Temporal Gyrus,Brodmann area 38,0
35,-25,-30,Limbic Lobe,Parahippocampal Gyrus,Brodmann area 36,0
35,-20,-30,Limbic Lobe,Parahippocampal Gyrus,Brodmann area 36,0
35,15,-30,Temporal Lobe,Superior Temporal Gyrus,Brodmann area 38,0
35,20,-30,Temporal Lobe,Superior Temporal Gyrus,Brodmann area 38,0
40,-25,-30,Temporal Lobe,Fusiform Gyrus,Brodmann area 20,0
40,-20,-30,Temporal Lobe,Fusiform Gyrus,Brodmann area 20,0
40,-15,-30,Temporal Lobe,Fusiform Gyrus,Brodmann area 20,0
40,-10,-30,Temporal Lobe,Fusiform Gyrus,Brodmann area 20,0
40,10,-30,Temporal Lobe,Superior Temporal Gyrus,Brodmann area 38,0
40,15,-30,Temporal Lobe,Superior Temporal Gyrus,Brodmann area 38,0
40,20,-30,Temporal Lobe,Superior Temporal Gyrus,Brodmann area 38,0
45,-40,-30,Temporal Lobe,Fusiform Gyrus,Brodmann area 36,0
45,-35,-30,Temporal Lobe,Fusiform Gyrus,Brodmann area 20,0
45,-25,-30,Temporal Lobe,Fusiform Gyrus,Brodmann area 20,0
45,-20,-30,Temporal Lobe,Fusiform Gyrus,Brodmann area 20,0
45,-10,-30,Temporal Lobe,Fusiform Gyrus,Brodmann area 20,0
45,0,-30,Temporal Lobe,Middle Temporal Gyrus,Brodmann area 21,0
45,5,-30,Temporal Lobe,Middle Temporal Gyrus,Brodmann area 21,0
45,10,-30,Temporal Lobe,Superior Temporal Gyrus,Brodmann area 38,0
45,15,-30,Temporal Lobe,Superior Temporal Gyrus,Brodmann area 38,0
45,20,-30,Temporal Lobe,Superior Temporal Gyrus,Brodmann area 38,0
50,-40,-30,Temporal Lobe,Fusiform Gyrus,Brodmann area 36,0
50,-25,-30,Temporal Lobe,Fusiform Gyrus,Brodmann area 20,0
50,-20,-30,Temporal Lobe,Fusiform Gyrus,Brodmann area 20,0
50,-10,-30,Temporal Lobe,Fusiform Gyrus,Brodmann area 20,0
50,-5,-30,Temporal Lobe,Fusiform Gyrus,Brodmann area 20,0
50,0,-30,Temporal Lobe,Middle Temporal Gyrus,Brodmann area 21,0
50,10,-30,Temporal Lobe,Middle Temporal Gyrus,Brodmann area 21,0
50,15,-30,Temporal Lobe,Superior Temporal Gyrus,Brodmann area 38,0
55,-40,-30,Temporal Lobe,Fusiform Gyrus,Brodmann area 20,0
55,-35,-30,Temporal Lobe,Fusiform Gyrus,Brodmann area 20,0
55,-20,-30,Temporal Lobe,Fusiform Gyrus,Brodmann area 20,0
55,-5,-30,Temporal Lobe,Fusiform Gyrus,Brodmann area 20,0
55,0,-30,Temporal Lobe,Middle Temporal Gyrus,Brodmann area 21,0
55,5,-30,Temporal Lobe,Middle Temporal Gyrus,Brodmann area 21,0
55,10,-30,Temporal Lobe,Middle Temporal Gyrus,Brodmann area 21,0
60,-15,-30,Temporal Lobe,Fusiform Gyrus,Brodmann area 20,0
60,-10,-30,Temporal Lobe,Fusiform Gyrus,Brodmann area 20,0
60,-5,-30,Temporal Lobe,Fusiform Gyrus,Brodmann area 20,0
-60,-35,-25,Temporal Lobe,Inferior Temporal Gyrus,Brodmann area 20,0
-60,-30,-25,Temporal Lobe,Inferior Temporal Gyrus,Brodmann area 20,0
-60,-25,-25,Temporal Lobe,Inferior Temporal Gyrus,Brodmann area 20,0
-60,-20,-25,Temporal Lobe,Inferior Temporal Gyrus,Brodmann area 20,0
-60,-15,-25,Temporal Lobe,Inferior Temporal Gyrus,Brodmann area 20,0
-60,-10,-25,Temporal Lobe,Inferior Temporal Gyrus,Brodmann area 20,0
-60,0,-25,Temporal Lobe,Middle Temporal Gyrus,Brodmann area 21,0
-55,-55,-25,Temporal Lobe,Fusiform Gyrus,Brodmann area 37,0
-55,-50,-25,Temporal Lobe,Fusiform Gyrus,Brodmann area 37,0
-55,-45,-25,Temporal Lobe,Inferior Temporal Gyrus,Brodmann area 37,0
-55,-40,-25,Temporal Lobe,Inferior Temporal Gyrus,Brodmann area 37,0
-55,-35,-25,Temporal Lobe,Fusiform Gyrus,Brodmann area 20,0
-55,-30,-25,Temporal Lobe,Inferior Temporal Gyrus,Brodmann area 20,0
-55,-25,-25,Temporal Lobe,Inferior Temporal Gyrus,Brodmann area 20,0
-55,-10,-25,Temporal Lobe,Inferior Temporal Gyrus,Brodmann area 20,0
-55,-5,-25,Temporal Lobe,Middle Temporal Gyrus,Brodmann area 21,0
-55,5,-25,Temporal Lobe,Middle Temporal Gyrus,Brodmann area 21,0
-55,10,-25,Temporal Lobe,Middle Temporal Gyrus,Brodmann area 21,0
-50,-60,-25,Temporal Lobe,Fusiform Gyrus,Brodmann area 37,0
-50,-55,-25,Temporal Lobe,Fusiform Gyrus,Brodmann area 37,0
-50,-50,-25,Temporal Lobe,Fusiform Gyrus,Brodmann area 37,0
-50,-45,-25,Temporal Lobe,Fusiform Gyrus,Brodmann area 37,0
-50,-40,-25,Temporal Lobe,Fusiform Gyrus,Brodmann area 20,0
-50,-30,-25,Temporal Lobe,Fusiform Gyrus,Brodmann area 20,0
-50,-25,-25,Temporal Lobe,Inferior Temporal Gyrus,Brodmann area 20,0
-50,-5,-25,Temporal Lobe,Inferior Temporal Gyrus,Brodmann area 20,0
-50,5,-25,Temporal Lobe,Middle Temporal Gyrus,Brodmann area 21,0
-50,10,-25,Temporal Lobe,Superior Temporal Gyrus,Brodmann area 38,0
-50,15,-25,Temporal Lobe,Superior Temporal Gyrus,Brodmann area 38,0
-45,-60,-25,Temporal Lobe,Fusiform Gyrus,Brodmann area 37,0
-45,-55,-25,Temporal Lobe,Fusiform Gyrus,Brodmann area 37,0
-45,-45,-25,Temporal Lobe,Fusiform Gyrus,Brodmann area 37,0
-45,-40,-25,Temporal Lobe,Fusiform Gyrus,Brodmann area 36,0
-45,-35,-25,Temporal Lobe,Fusiform Gyrus,Brodmann area 20,0
-45,-30,-25,Temporal Lobe,Fusiform Gyrus,Brodmann area 20,0
-45,-15,-25,Temporal Lobe,Sub-Gyral,Brodmann area 20,0
-45,-10,-25,Temporal Lobe,Sub-Gyral,Brodmann area 20,0
-45,5,-25,Temporal Lobe,Superior Temporal Gyrus,Brodmann area 38,0
-45,20,-25,Temporal Lobe,Superior Temporal Gyrus,Brodmann area 38,0
-40,-55,-25,Temporal Lobe,Fusiform Gyrus,Brodmann area 37,0
-40,-50,-25,Temporal Lobe,Fusiform Gyrus,Brodmann area 37,0
-40,-45,-25,Temporal Lobe,Fusiform Gyrus,Brodmann area 37,0
-40,-40,-25,Temporal Lobe,Fusiform Gyrus,Brodmann area 20,0
-40,-35,-25,Temporal Lobe,Fusiform Gyrus,Brodmann area 36,0
-40,-30,-25,Limbic Lobe,Parahippocampal Gyrus,Brodmann area 36,0
-40,-15,-25,Temporal Lobe,Sub-Gyral,Brodmann area 20,0
-40,-10,-25,Temporal Lobe,Sub-Gyral,Brodmann area 20,0
-40,20,-25,Temporal Lobe,Superior Temporal Gyrus,Brodmann area 38,0
-35,-40,-25,Temporal Lobe,Fusiform Gyrus,Brodmann area 20,0
-35,-35,-25,Temporal Lobe,Fusiform Gyrus,Brodmann area 20,0
-35,-30,-25,Limbic Lobe,Parahippocampal Gyrus,Brodmann area 36,0
-35,10,-25,Temporal Lobe,Superior Temporal Gyrus,Brodmann area 38,0
-35,15,-25,Temporal Lobe,Superior Temporal Gyrus,Brodmann area 38,0
-35,20,-25,Temporal Lobe,Superior Temporal Gyrus,Brodmann area 38,0
-30,-40,-25,Temporal Lobe,Fusiform Gyrus,Brodmann area 20,0
-30,-35,-25,Temporal Lobe,Fusiform Gyrus,Brodmann area 20,0
-30,-30,-25,Limbic Lobe,Parahippocampal Gyrus,Brodmann area 36,0
-30,-25,-25,Limbic Lobe,Parahippocampal Gyrus,Brodmann area 35,0
-30,5,-25,Limbic Lobe,Uncus,Brodmann area 28,0
-30,15,-25,Temporal Lobe,Superior Temporal Gyrus,Brodmann area 38,0
-30,20,-25,Frontal Lobe,Inferior Frontal Gyrus,Brodmann area 47,0
-25,-25,-25,Limbic Lobe,Parahippocampal Gyrus,Brodmann area 35,0
-25,-20,-25,Limbic Lobe,Parahippocampal Gyrus,Brodmann area 35,0
-25,5,-25,Limbic Lobe,Uncus,Brodmann area 28,0
-25,10,-25,Temporal Lobe,Superior Temporal Gyrus,Brodmann area 38,0
-25,15,-25,Frontal Lobe,Inferior Frontal Gyrus,Brodmann area 47,0
-25,20,-25,Frontal Lobe,Inferior Frontal Gyrus,Brodmann area 47,0
-25,25,-25,Frontal Lobe,Inferior Frontal Gyrus,Brodmann area 47,0
-25,30,-25,Frontal Lobe,Inferior Frontal Gyrus,Brodmann area 11,0
-25,35,-25,Frontal Lobe,Inferior Frontal Gyrus,Brodmann area 11,0
-20,-90,-25,Occipital Lobe,Fusiform Gyrus,Brodmann area 18,0
-20,-20,-25,Limbic Lobe,Parahippocampal Gyrus,Brodmann area 28,0
-20,-15,-25,Limbic Lobe,Parahippocampal Gyrus,Brodmann area 28,0
-20,-10,-25,Limbic Lobe,Parahippocampal Gyrus,Brodmann area 28,0
-20,5,-25,Limbic Lobe,Uncus,Brodmann area 34,0
-20,15,-25,Frontal Lobe,Inferior Frontal Gyrus,Brodmann area 47,0
-20,20,-25,Frontal Lobe,Inferior Frontal Gyrus,Brodmann area 47,0
-20,25,-25,Frontal Lobe,Inferior Frontal Gyrus,Brodmann area 11,0
-20,30,-25,Frontal Lobe,Orbital Gyrus,Brodmann area 47,0
-20,35,-25,Frontal Lobe,Orbital Gyrus,Brodmann area 47,0
-15,-5,-25,Limbic Lobe,Uncus,Brodmann area 34,0
-15,0,-25,Limbic Lobe,Uncus,Brodmann area 34,0
-15,5,-25,Limbic Lobe,Uncus,Brodmann area 34,0
-15,15,-25,Frontal Lobe,Inferior Frontal Gyrus,Brodmann area 47,0
-15,20,-25,Frontal Lobe,Inferior Frontal Gyrus,Brodmann area 47,0
-15,25,-25,Frontal Lobe,Orbital Gyrus,Brodmann area 47,0
-15,30,-25,Frontal Lobe,Inferior Frontal Gyrus,Brodmann area 11,0
-15,35,-25,Frontal Lobe,Inferior Frontal Gyrus,Brodmann area 11,0
-15,40,-25,Frontal Lobe,Orbital Gyrus,Brodmann area 11,0
-15,45,-25,Frontal Lobe,Orbital Gyrus,Brodmann area 11,0
-10,15,-25,Frontal Lobe,Rectal Gyrus,Brodmann area 11,0
-10,20,-25,Frontal Lobe,Rectal Gyrus,Brodmann area 11,0
-10,25,-25,Frontal Lobe,Rectal Gyrus,Brodmann area 11,0
-10,30,-25,Frontal Lobe,Rectal Gyrus,Brodmann area 11,0
-10,35,-25,Frontal Lobe,Rectal Gyrus,Brodmann area 11,0
-10,40,-25,Frontal Lobe,Rectal Gyrus,Brodmann area 11,0
-10,45,-25,Frontal Lobe,Rectal Gyrus,Brodmann area 11,0
-10,50,-25,Frontal Lobe,Orbital Gyrus,Brodmann area 11,0
-5,15,-25,Frontal Lobe,Rectal Gyrus,Brodmann area 11,0
-5,20,-25,Frontal Lobe,Rectal Gyrus,Brodmann area 11,0
-5,25,-25,Frontal Lobe,Rectal Gyrus,Brodmann area 11,0
-5,30,-25,Frontal Lobe,Rectal Gyrus,Brodmann area 11,0
-5,35,-25,Frontal Lobe,Rectal Gyrus,Brodmann area 11,0
-5,40,-25,Frontal Lobe,Orbital Gyrus,Brodmann area 11,0
-5,45,-25,Frontal Lobe,Orbital Gyrus,Brodmann area 11,0
-5,50,-25,Frontal Lobe,Rectal Gyrus,Brodmann area 11,0
-5,55,-25,Frontal Lobe,Rectal Gyrus,Brodmann area 11,0
5,15,-25,Frontal Lobe,Rectal Gyrus,Brodmann area 11,0
5,20,-25,Frontal Lobe,Rectal Gyrus,Brodmann area 11,0
5,25,-25,Frontal Lobe,Rectal Gyrus,Brodmann area 11,0
5,30,-25,Frontal Lobe,Rectal Gyrus,Brodmann area 11,0
5,35,-25,Frontal Lobe,Rectal Gyrus,Brodmann area 11,0
5,40,-25,Frontal Lobe,Rectal Gyrus,Brodmann area 11,0
5,45,-25,Frontal Lobe,Rectal Gyrus,Brodmann area 11,0
5,50,-25,Frontal Lobe,Rectal Gyrus,Brodmann area 11,0
5,55,-25,Frontal Lobe,Rectal Gyrus,Brodmann area 11,0
10,15,-25,Frontal Lobe,Rectal Gyrus,Brodmann area 11,0
10,20,-25,Frontal Lobe,Rectal Gyrus,Brodmann area 11,0
10,25,-25,Frontal Lobe,Rectal Gyrus,Brodmann area 11,0
10,30,-25,Frontal Lobe,Rectal Gyrus,Brodmann area 11,0
10,35,-25,Frontal Lobe,Rectal Gyrus,Brodmann area 11,0
10,40,-25,Frontal Lobe,Rectal Gyrus,Brodmann area 11,0
10,45,-25,Frontal Lobe,Rectal Gyrus,Brodmann area 11,0
10,50,-25,Frontal Lobe,Orbital Gyrus,Brodmann area 11,0
10,55,-25,Frontal Lobe,Superior Frontal Gyrus,Brodmann area 11,0
15,-5,-25,Limbic Lobe,Uncus,Brodmann area 34,0
15,0,-25,Limbic Lobe,Uncus,Brodmann area 34,0
15,15,-25,Frontal Lobe,Inferior Frontal Gyrus,Brodmann area 47,0
15,20,-25,Frontal Lobe,Inferior Frontal Gyrus,Brodmann area 47,0
15,25,-25,Frontal Lobe,Orbital Gyrus,Brodmann area 47,0
15,30,-25,Frontal Lobe,Inferior Frontal Gyrus,Brodmann area 11,0
15,35,-25,Frontal Lobe,Orbital Gyrus,Brodmann area 47,0
15,40,-25,Frontal Lobe,Orbital Gyrus,Brodmann area 11,0
15,45,-25,Frontal Lobe,Orbital Gyrus,Brodmann area 11,0
20,-90,-25,Occipital Lobe,Fusiform Gyrus,Brodmann area 18,0
20,-15,-25,Limbic Lobe,Parahippocampal Gyrus,Brodmann area 28,0
20,-10,-25,Limbic Lobe,Parahippocampal Gyrus,Brodmann area 28,0
20,5,-25,Limbic Lobe,Uncus,Brodmann area 34,0
20,15,-25,Frontal Lobe,Inferior Frontal Gyrus,Brodmann area 47,0
20,25,-25,Frontal Lobe,Inferior Frontal Gyrus,Brodmann area 11,0
20,30,-25,Frontal Lobe,Orbital Gyrus,Brodmann area 47,0
20,35,-25,Frontal Lobe,Orbital Gyrus,Brodmann area 47,0
20,40,-25,Frontal Lobe,Orbital Gyrus,Brodmann area 11,0
25,-90,-25,Occipital Lobe,Fusiform Gyrus,Brodmann area 18,0
25,-25,-25,Limbic Lobe,Parahippocampal Gyrus,Brodmann area 35,0
25,-20,-25,Limbic Lobe,Parahippocampal Gyrus,Brodmann area 35,0
25,5,-25,Limbic Lobe,Uncus,Brodmann area 28,0
25,10,-25,Temporal Lobe,Superior Temporal Gyrus,Brodmann area 38,0
25,15,-25,Frontal Lobe,Inferior Frontal Gyrus,Brodmann area 47,0
25,20,-25,Frontal Lobe,Inferior Frontal Gyrus,Brodmann area 47,0
25,25,-25,Frontal Lobe,Inferior Frontal Gyrus,Brodmann area 47,0
25,30,-25,Frontal Lobe,Inferior Frontal Gyrus,Brodmann area 11,0
25,35,-25,Frontal Lobe,Inferior Frontal Gyrus,Brodmann area 11,0
30,-40,-25,Temporal Lobe,Fusiform Gyrus,Brodmann area 20,0
30,-35,-25,Temporal Lobe,Fusiform Gyrus,Brodmann area 20,0
30,-30,-25,Limbic Lobe,Parahippocampal Gyrus,Brodmann area 35,0
30,-25,-25,Limbic Lobe,Parahippocampal Gyrus,Brodmann area 35,0
30,5,-25,Limbic Lobe,Uncus,Brodmann area 28,0
30,15,-25,Temporal Lobe,Superior Temporal Gyrus,Brodmann area 38,0
30,20,-25,Frontal Lobe,Inferior Frontal Gyrus,Brodmann area 47,0
35,-40,-25,Temporal Lobe,Fusiform Gyrus,Brodmann area 20,0
35,-35,-25,Temporal Lobe,Fusiform Gyrus,Brodmann area 20,0
35,-30,-25,Limbic Lobe,Parahippocampal Gyrus,Brodmann area 36,0
35,5,-25,Temporal Lobe,Superior Temporal Gyrus,Brodmann area 38,0
35,10,-25,Temporal Lobe,Superior Temporal Gyrus,Brodmann area 38,0
35,15,-25,Temporal Lobe,Superior Temporal Gyrus,Brodmann area 38,0
35,20,-25,Temporal Lobe,Superior Temporal Gyrus,Brodmann area 38,0
40,-55,-25,Temporal Lobe,Fusiform Gyrus,Brodmann area 37,0
40,-50,-25,Temporal Lobe,Fusiform Gyrus,Brodmann area 37,0
40,-45,-25,Temporal Lobe,Fusiform Gyrus,Brodmann area 37,0
40,-40,-25,Temporal Lobe,Fusiform Gyrus,Brodmann area 20,0
40,-35,-25,Temporal Lobe,Fusiform Gyrus,Brodmann area 20,0
40,-30,-25,Limbic Lobe,Parahippocampal Gyrus,Brodmann area 36,0
40,-20,-25,Temporal Lobe,Sub-Gyral,Brodmann area 20,0
40,-15,-25,Temporal Lobe,Sub-Gyral,Brodmann area 20,0
40,-10,-25,Temporal Lobe,Sub-Gyral,Brodmann area 20,0
40,15,-25,Temporal Lobe,Superior Temporal Gyrus,Brodmann area 38,0
40,20,-25,Temporal Lobe,Superior Temporal Gyrus,Brodmann area 38,0
45,-60,-25,Temporal Lobe,Fusiform Gyrus,Brodmann area 37,0
45,-55,-25,Temporal Lobe,Fusiform Gyrus,Brodmann area 37,0
45,-45,-25,Temporal Lobe,Fusiform Gyrus,Brodmann area 37,0
45,-40,-25,Temporal Lobe,Fusiform Gyrus,Brodmann area 37,0
45,-35,-25,Temporal Lobe,Fusiform Gyrus,Brodmann area 20,0
45,-30,-25,Temporal Lobe,Fusiform Gyrus,Brodmann area 20,0
45,-15,-25,Temporal Lobe,Sub-Gyral,Brodmann area 20,0
45,-10,-25,Temporal Lobe,Sub-Gyral,Brodmann area 20,0
45,20,-25,Temporal Lobe,Superior Temporal Gyrus,Brodmann area 38,0
45,25,-25,Temporal Lobe,Superior Temporal Gyrus,Brodmann area 38,0
50,-60,-25,Temporal Lobe,Fusiform Gyrus,Brodmann area 37,0
50,-55,-25,Temporal Lobe,Fusiform Gyrus,Brodmann area 37,0
50,-50,-25,Temporal Lobe,Fusiform Gyrus,Brodmann area 37,0
50,-45,-25,Temporal Lobe,Fusiform Gyrus,Brodmann area 37,0
50,-40,-25,Temporal Lobe,Inferior Temporal Gyrus,Brodmann area 37,0
50,-30,-25,Temporal Lobe,Fusiform Gyrus,Brodmann area 20,0
50,-25,-25,Temporal Lobe,Inferior Temporal Gyrus,Brodmann area 20,0
50,-5,-25,Temporal Lobe,Inferior Temporal Gyrus,Brodmann area 20,0
50,5,-25,Temporal Lobe,Middle Temporal Gyrus,Brodmann area 21,0
50,10,-25,Temporal Lobe,Superior Temporal Gyrus,Brodmann area 38,0
50,15,-25,Temporal Lobe,Superior Temporal Gyrus,Brodmann area 38,0
55,-55,-25,Temporal Lobe,Fusiform Gyrus,Brodmann area 37,0
55,-50,-25,Temporal Lobe,Fusiform Gyrus,Brodmann area 37,0
55,-45,-25,Temporal Lobe,Inferior Temporal Gyrus,Brodmann area 37,0
55,-40,-25,Temporal Lobe,Fusiform Gyrus,Brodmann area 20,0
55,-35,-25,Temporal Lobe,Fusiform Gyrus,Brodmann area 20,0
55,-30,-25,Temporal Lobe,Fusiform Gyrus,Brodmann area 20,0
55,-25,-25,Temporal Lobe,Inferior Temporal Gyrus,Brodmann area 20,0
55,-10,-25,Temporal Lobe,Inferior Temporal Gyrus,Brodmann area 20,0
55,-5,-25,Temporal Lobe,Middle Temporal Gyrus,Brodmann area 21,0
55,5,-25,Temporal Lobe,Middle Temporal Gyrus,Brodmann area 21,0
55,10,-25,Temporal Lobe,Middle Temporal Gyrus,Brodmann area 21,0
60,-35,-25,Temporal Lobe,Inferior Temporal Gyrus,Brodmann area 20,0
60,-30,-25,Temporal Lobe,Inferior Temporal Gyrus,Brodmann area 20,0
60,-25,-25,Temporal Lobe,Inferior Temporal Gyrus,Brodmann area 20,0
60,-10,-25,Temporal Lobe,Inferior Temporal Gyrus,Brodmann area 20,0
60,-5,-25,Temporal Lobe,Middle Temporal Gyrus,Brodmann area 21,0
60,0,-25,Temporal Lobe,Middle Temporal Gyrus,Brodmann area 21,0
65,-15,-25,Temporal Lobe,Inferior Temporal Gyrus,Brodmann area 20,0
65,-10,-25,Temporal Lobe,Inferior Temporal Gyrus,Brodmann area 20,0
-65,-40,-20,Temporal Lobe,Middle Temporal Gyrus,Brodmann area 21,0
-65,-35,-20,Temporal Lobe,Middle Temporal Gyrus,Brodmann area 21,0
-65,-30,-20,Temporal Lobe,Middle Temporal Gyrus,Brodmann area 21,0
-65,-25,-20,Temporal Lobe,Inferior Temporal Gyrus,Brodmann area 20,0
-65,-20,-20,Temporal Lobe,Inferior Temporal Gyrus,Brodmann area 20,0
-65,-15,-20,Temporal Lobe,Inferior Temporal Gyrus,Brodmann area 21,0
-65,-10,-20,Temporal Lobe,Inferior Temporal Gyrus,Brodmann area 21,0
-60,-55,-20,Temporal Lobe,Inferior Temporal Gyrus,Brodmann area 20,0
-60,-50,-20,Temporal Lobe,Inferior Temporal Gyrus,Brodmann area 20,0
-60,-45,-20,Temporal Lobe,Middle Temporal Gyrus,Brodmann area 20,0
-60,-40,-20,Temporal Lobe,Inferior Temporal Gyrus,Brodmann area 20,0
-60,-35,-20,Temporal Lobe,Inferior Temporal Gyrus,Brodmann area 20,0
-60,-10,-20,Temporal Lobe,Inferior Temporal Gyrus,Brodmann area 21,0
-60,-5,-20,Temporal Lobe,Inferior Temporal Gyrus,Brodmann area 21,0
-60,0,-20,Temporal Lobe,Middle Temporal Gyrus,Brodmann area 21,0
-55,-60,-20,Temporal Lobe,Fusiform Gyrus,Brodmann area 37,0
-55,-55,-20,Temporal Lobe,Fusiform Gyrus,Brodmann area 37,0
-55,-50,-20,Temporal Lobe,Fusiform Gyrus,Brodmann area 37,0
-55,-45,-20,Temporal Lobe,Inferior Temporal Gyrus,Brodmann area 37,0
-55,-40,-20,Temporal Lobe,Inferior Temporal Gyrus,Brodmann area 37,0
-55,-35,-20,Temporal Lobe,Inferior Temporal Gyrus,Brodmann area 20,0
-55,-30,-20,Temporal Lobe,Inferior Temporal Gyrus,Brodmann area 20,0
-55,-25,-20,Temporal Lobe,Inferior Temporal Gyrus,Brodmann area 20,0
-55,-15,-20,Temporal Lobe,Middle Temporal Gyrus,Brodmann area 21,0
-55,-10,-20,Temporal Lobe,Middle Temporal Gyrus,Brodmann area 21,0
-55,-5,-20,Temporal Lobe,Middle Temporal Gyrus,Brodmann area 21,0
-50,-70,-20,Temporal Lobe,Fusiform Gyrus,Brodmann area 19,0
-50,-60,-20,Temporal Lobe,Fusiform Gyrus,Brodmann area 37,0
-50,-55,-20,Temporal Lobe,Inferior Temporal Gyrus,Brodmann area 20,0
-50,-50,-20,Temporal Lobe,Inferior Temporal Gyrus,Brodmann area 20,0
-50,-45,-20,Temporal Lobe,Fusiform Gyrus,Brodmann area 37,0
-50,-40,-20,Temporal Lobe,Inferior Temporal Gyrus,Brodmann area 37,0
-50,-5,-20,Temporal Lobe,Middle Temporal Gyrus,Brodmann area 21,0
-50,5,-20,Temporal Lobe,Middle Temporal Gyrus,Brodmann area 21,0
-50,10,-20,Temporal Lobe,Superior Temporal Gyrus,Brodmann area 38,0
-50,15,-20,Temporal Lobe,Superior Temporal Gyrus,Brodmann area 38,0
-50,20,-20,Temporal Lobe,Superior Temporal Gyrus,Brodmann area 38,0
-45,-75,-20,Temporal Lobe,Fusiform Gyrus,Brodmann area 19,0
-45,-70,-20,Occipital Lobe,Fusiform Gyrus,Brodmann area 19,0
-45,-65,-20,Temporal Lobe,Fusiform Gyrus,Brodmann area 37,0
-45,-60,-20,Temporal Lobe,Fusiform Gyrus,Brodmann area 37,0
-45,-55,-20,Temporal Lobe,Fusiform Gyrus,Brodmann area 37,0
-45,-50,-20,Temporal Lobe,Fusiform Gyrus,Brodmann area 37,0
-45,-45,-20,Temporal Lobe,Inferior Temporal Gyrus,Brodmann area 37,0
-45,-40,-20,Temporal Lobe,Fusiform Gyrus,Brodmann area 37,0
-45,-35,-20,Temporal Lobe,Fusiform Gyrus,Brodmann area 20,0
-45,10,-20,Temporal Lobe,Superior Temporal Gyrus,Brodmann area 38,0
-45,15,-20,Temporal Lobe,Superior Temporal Gyrus,Brodmann area 38,0
-45,20,-20,Temporal Lobe,Superior Temporal Gyrus,Brodmann area 38,0
-45,25,-20,Temporal Lobe,Superior Temporal Gyrus,Brodmann area 38,0
-40,-80,-20,Occipital Lobe,Fusiform Gyrus,Brodmann area 19,0
-40,-75,-20,Occipital Lobe,Fusiform Gyrus,Brodmann area 19,0
-40,-70,-20,Occipital Lobe,Fusiform Gyrus,Brodmann area 19,0
-40,-65,-20,Occipital Lobe,Fusiform Gyrus,Brodmann area 19,0
-40,-60,-20,Temporal Lobe,Fusiform Gyrus,Brodmann area 37,0
-40,-55,-20,Temporal Lobe,Fusiform Gyrus,Brodmann area 37,0
-40,-50,-20,Temporal Lobe,Fusiform Gyrus,Brodmann area 37,0
-40,-45,-20,Temporal Lobe,Fusiform Gyrus,Brodmann area 37,0
-40,-40,-20,Temporal Lobe,Fusiform Gyrus,Brodmann area 20,0
-40,-35,-20,Temporal Lobe,Fusiform Gyrus,Brodmann area 20,0
-40,-30,-20,Temporal Lobe,Fusiform Gyrus,Brodmann area 20,0
-40,-25,-20,Temporal Lobe,Fusiform Gyrus,Brodmann area 20,0
-40,10,-20,Temporal Lobe,Superior Temporal Gyrus,Brodmann area 38,0
-40,15,-20,Temporal Lobe,Superior Temporal Gyrus,Brodmann area 38,0
-40,20,-20,Frontal Lobe,Inferior Frontal Gyrus,Brodmann area 47,0
-40,25,-20,Frontal Lobe,Inferior Frontal Gyrus,Brodmann area 47,0
-35,-90,-20,Occipital Lobe,Inferior Occipital Gyrus,Brodmann area 18,0
-35,-85,-20,Occipital Lobe,Inferior Occipital Gyrus,Brodmann area 18,0
-35,-80,-20,Occipital Lobe,Fusiform Gyrus,Brodmann area 19,0
-35,-70,-20,Occipital Lobe,Fusiform Gyrus,Brodmann area 19,0
-35,-55,-20,Temporal Lobe,Fusiform Gyrus,Brodmann area 37,0
-35,-50,-20,Temporal Lobe,Fusiform Gyrus,Brodmann area 37,0
-35,-45,-20,Temporal Lobe,Fusiform Gyrus,Brodmann area 37,0
-35,-40,-20,Temporal Lobe,Fusiform Gyrus,Brodmann area 20,0
-35,-35,-20,Temporal Lobe,Fusiform Gyrus,Brodmann area 20,0
-35,-30,-20,Limbic Lobe,Parahippocampal Gyrus,Brodmann area 36,0
-35,-25,-20,Limbic Lobe,Parahippocampal Gyrus,Brodmann area 36,0
-35,5,-20,Temporal Lobe,Superior Temporal Gyrus,Brodmann area 38,0
-35,15,-20,Frontal Lobe,Inferior Frontal Gyrus,Brodmann area 47,0
-35,20,-20,Frontal Lobe,Inferior Frontal Gyrus,Brodmann area 47,0
-35,30,-20,Frontal Lobe,Inferior Frontal Gyrus,Brodmann area 47,0
-35,40,-20,Frontal Lobe,Middle Frontal Gyrus,Brodmann area 11,0
-30,-90,-20,Occipital Lobe,Inferior Occipital Gyrus,Brodmann area 18,0
-30,-85,-20,Occipital Lobe,Fusiform Gyrus,Brodmann area 19,0
-30,-80,-20,Occipital Lobe,Fusiform Gyrus,Brodmann area 19,0
-30,-75,-20,Occipital Lobe,Fusiform Gyrus,Brodmann area 19,0
-30,-50,-20,Temporal Lobe,Fusiform Gyrus,Brodmann area 37,0
-30,-45,-20,Temporal Lobe,Fusiform Gyrus,Brodmann area 37,0
-30,-40,-20,Temporal Lobe,Fusiform Gyrus,Brodmann area 20,0
-30,-35,-20,Temporal Lobe,Fusiform Gyrus,Brodmann area 20,0
-30,-30,-20,Limbic Lobe,Parahippocampal Gyrus,Brodmann area 36,0
-30,5,-20,Limbic Lobe,Parahippocampal Gyrus,Brodmann area 34,0
-30,10,-20,Frontal Lobe,Inferior Frontal Gyrus,Brodmann area 47,0
-30,15,-20,Frontal Lobe,Inferior Frontal Gyrus,Brodmann area 47,0
-30,20,-20,Frontal Lobe,Inferior Frontal Gyrus,Brodmann area 47,0
-30,25,-20,Frontal Lobe,Inferior Frontal Gyrus,Brodmann area 47,0
-30,30,-20,Frontal Lobe,Inferior Frontal Gyrus,Brodmann area 47,0
-30,35,-20,Frontal Lobe,Middle Frontal Gyrus,Brodmann area 11,0
-25,-95,-20,Occipital Lobe,Fusiform Gyrus,Brodmann area 18,0
-25,-90,-20,Occipital Lobe,Inferior Occipital Gyrus,Brodmann area 18,0
-25,-85,-20,Occipital Lobe,Fusiform Gyrus,Brodmann area 19,0
-25,-80,-20,Occipital Lobe,Fusiform Gyrus,Brodmann area 19,0
-25,-75,-20,Occipital Lobe,Fusiform Gyrus,Brodmann area 19,0
-25,-40,-20,Temporal Lobe,Fusiform Gyrus,Brodmann area 37,0
-25,-35,-20,Limbic Lobe,Parahippocampal Gyrus,Brodmann area 36,0
-25,-30,-20,Limbic Lobe,Parahippocampal Gyrus,Brodmann area 36,0
-25,-25,-20,Limbic Lobe,Parahippocampal Gyrus,Brodmann area 35,0
-25,5,-20,Limbic Lobe,Parahippocampal Gyrus,Brodmann area 34,0
-25,10,-20,Frontal Lobe,Inferior Frontal Gyrus,Brodmann area 47,0
-25,15,-20,Frontal Lobe,Inferior Frontal Gyrus,Brodmann area 47,0
-25,20,-20,Frontal Lobe,Inferior Frontal Gyrus,Brodmann area 47,0
-25,25,-20,Frontal Lobe,Inferior Frontal Gyrus,Brodmann area 47,0
-25,30,-20,Frontal Lobe,Middle Frontal Gyrus,Brodmann area 11,0
-25,35,-20,Frontal Lobe,Inferior Frontal Gyrus,Brodmann area 11,0
-25,40,-20,Frontal Lobe,Middle Frontal Gyrus,Brodmann area 11,0
-20,-95,-20,Occipital Lobe,Fusiform Gyrus,Brodmann area 18,0
-20,-90,-20,Occipital Lobe,Fusiform Gyrus,Brodmann area 18,0
-20,-85,-20,Occipital Lobe,Fusiform Gyrus,Brodmann area 19,0
-20,-80,-20,Occipital Lobe,Fusiform Gyrus,Brodmann area 19,0
-20,-30,-20,Limbic Lobe,Parahippocampal Gyrus,Brodmann area 35,0
-20,-25,-20,Limbic Lobe,Parahippocampal Gyrus,Brodmann area 35,0
-20,-20,-20,Limbic Lobe,Parahippocampal Gyrus,Brodmann area 28,0
-20,-15,-20,Limbic Lobe,Parahippocampal Gyrus,Brodmann area 28,0
-20,-10,-20,Limbic Lobe,Parahippocampal Gyrus,Brodmann area 34,0
-20,5,-20,Limbic Lobe,Parahippocampal Gyrus,Brodmann area 34,0
-20,10,-20,Frontal Lobe,Inferior Frontal Gyrus,Brodmann area 47,0
-20,15,-20,Frontal Lobe,Inferior Frontal Gyrus,Brodmann area 47,0
-20,20,-20,Frontal Lobe,Inferior Frontal Gyrus,Brodmann area 47,0
-20,25,-20,Frontal Lobe,Inferior Frontal Gyrus,Brodmann area 47,0
-20,35,-20,Frontal Lobe,Inferior Frontal Gyrus,Brodmann area 11,0
-20,40,-20,Frontal Lobe,Superior Frontal Gyrus,Brodmann area 11,0
-20,45,-20,Frontal Lobe,Superior Frontal Gyrus,Brodmann area 11,0
-15,-95,-20,Occipital Lobe,Lingual Gyrus,Brodmann area 17,0
-15,-90,-20,Occipital Lobe,Lingual Gyrus,Brodmann area 18,0
-15,-85,-20,Occipital Lobe,Lingual Gyrus,Brodmann area 18,0
-15,-10,-20,Limbic Lobe,Parahippocampal Gyrus,Brodmann area 34,0
-15,-5,-20,Limbic Lobe,Parahippocampal Gyrus,Brodmann area 34,0
-15,0,-20,Limbic Lobe,Parahippocampal Gyrus,Brodmann area 34,0
-15,10,-20,Frontal Lobe,Medial Frontal Gyrus,Brodmann area 25,0
-15,15,-20,Frontal Lobe,Medial Frontal Gyrus,Brodmann area 25,3
-15,20,-20,Frontal Lobe,Inferior Frontal Gyrus,Brodmann area 47,3
-15,25,-20,Frontal Lobe,Inferior Frontal Gyrus,Brodmann area 47,0
-15,30,-20,Frontal Lobe,Inferior Frontal Gyrus,Brodmann area 47,0
-15,35,-20,Frontal Lobe,Inferior Frontal Gyrus,Brodmann area 11,0
-15,40,-20,Frontal Lobe,Inferior Frontal Gyrus,Brodmann area 11,0
-15,45,-20,Frontal Lobe,Middle Frontal Gyrus,Brodmann area 11,0
-15,50,-20,Frontal Lobe,Superior Frontal Gyrus,Brodmann area 11,0
-15,55,-20,Frontal Lobe,Superior Frontal Gyrus,Brodmann area 11,0
-10,-95,-20,Occipital Lobe,Lingual Gyrus,Brodmann area 17,0
-10,-90,-20,Occipital Lobe,Lingual Gyrus,Brodmann area 18,0
-10,10,-20,Frontal Lobe,Medial Frontal Gyrus,Brodmann area 25,3
-10,15,-20,Frontal Lobe,Rectal Gyrus,Brodmann area 11,3
-10,20,-20,Frontal Lobe,Rectal Gyrus,Brodmann area 11,3
-10,25,-20,Frontal Lobe,Medial Frontal Gyrus,Brodmann area 25,3
-10,30,-20,Frontal Lobe,Rectal Gyrus,Brodmann area 11,0
-10,35,-20,Frontal Lobe,Rectal Gyrus,Brodmann area 11,0
-10,40,-20,Frontal Lobe,Inferior Frontal Gyrus,Brodmann area 11,0
-10,55,-20,Frontal Lobe,Orbital Gyrus,Brodmann area 11,0
-5,-95,-20,Occipital Lobe,Lingual Gyrus,Brodmann area 18,0
-5,-90,-20,Occipital Lobe,Lingual Gyrus,Brodmann area 18,0
-5,10,-20,Frontal Lobe,Medial Frontal Gyrus,Brodmann area 25,3
-5,15,-20,Frontal Lobe,Rectal Gyrus,Brodmann area 11,3
-5,20,-20,Frontal Lobe,Medial Frontal Gyrus,Brodmann area 25,3
-5,25,-20,Frontal Lobe,Medial Frontal Gyrus,Brodmann area 25,3
-5,30,-20,Frontal Lobe,Medial Frontal Gyrus,Brodmann area 25,0
-5,35,-20,Frontal Lobe,Medial Frontal Gyrus,Brodmann area 11,0
-5,40,-20,Frontal Lobe,Orbital Gyrus,Brodmann area 11,0
-5,45,-20,Frontal Lobe,Orbital Gyrus,Brodmann area 11,0
-5,50,-20,Frontal Lobe,Orbital Gyrus,Brodmann area 11,0
-5,55,-20,Frontal Lobe,Superior Frontal Gyrus,Brodmann area 11,0
-5,60,-20,Frontal Lobe,Superior Frontal Gyrus,Brodmann area 11,0
5,-90,-20,Occipital Lobe,Lingual Gyrus,Brodmann area 18,0
5,10,-20,Frontal Lobe,Medial Frontal Gyrus,Brodmann area 25,0
5,15,-20,Frontal Lobe,Medial Frontal Gyrus,Brodmann area 25,0
5,20,-20,Frontal Lobe,Medial Frontal Gyrus,Brodmann area 25,0
5,25,-20,Frontal Lobe,Medial Frontal Gyrus,Brodmann area 25,0
5,30,-20,Frontal Lobe,Medial Frontal Gyrus,Brodmann area 25,0
5,35,-20,Frontal Lobe,Medial Frontal Gyrus,Brodmann area 11,0
5,40,-20,Frontal Lobe,Orbital Gyrus,Brodmann area 11,0
5,45,-20,Frontal Lobe,Orbital Gyrus,Brodmann area 11,0
5,50,-20,Frontal Lobe,Orbital Gyrus,Brodmann area 11,0
5,55,-20,Frontal Lobe,Superior Frontal Gyrus,Brodmann area 11,0
5,60,-20,Frontal Lobe,Superior Frontal Gyrus,Brodmann area 11,0
10,-90,-20,Occipital Lobe,Lingual Gyrus,Brodmann area 18,0
10,10,-20,Frontal Lobe,Medial Frontal Gyrus,Brodmann area 25,0
10,15,-20,Frontal Lobe,Rectal Gyrus,Brodmann area 11,0
10,20,-20,Frontal Lobe,Medial Frontal Gyrus,Brodmann area 25,0
10,25,-20,Frontal Lobe,Rectal Gyrus,Brodmann area 11,0
10,30,-20,Frontal Lobe,Medial Frontal Gyrus,Brodmann area 25,0
10,35,-20,Frontal Lobe,Rectal Gyrus,Brodmann area 11,0
10,40,-20,Frontal Lobe,Inferior Frontal Gyrus,Brodmann area 11,0
10,55,-20,Frontal Lobe,Orbital Gyrus,Brodmann area 11,0
15,-90,-20,Occipital Lobe,Lingual Gyrus,Brodmann area 18,0
15,-85,-20,Occipital Lobe,Lingual Gyrus,Brodmann area 18,0
15,-10,-20,Limbic Lobe,Parahippocampal Gyrus,Brodmann area 34,0
15,-5,-20,Limbic Lobe,Parahippocampal Gyrus,Brodmann area 34,0
15,0,-20,Limbic Lobe,Parahippocampal Gyrus,Brodmann area 34,0
15,10,-20,Frontal Lobe,Medial Frontal Gyrus,Brodmann area 25,0
15,15,-20,Frontal Lobe,Medial Frontal Gyrus,Brodmann area 25,0
15,20,-20,Frontal Lobe,Inferior Frontal Gyrus,Brodmann area 47,0
15,25,-20,Frontal Lobe,Inferior Frontal Gyrus,Brodmann area 47,0
15,30,-20,Frontal Lobe,Inferior Frontal Gyrus,Brodmann area 47,0
15,35,-20,Frontal Lobe,Inferior Frontal Gyrus,Brodmann area 11,0
15,50,-20,Frontal Lobe,Superior Frontal Gyrus,Brodmann area 11,0
15,55,-20,Frontal Lobe,Superior Frontal Gyrus,Brodmann area 11,0
20,-95,-20,Occipital Lobe,Fusiform Gyrus,Brodmann area 18,0
20,-90,-20,Occipital Lobe,Fusiform Gyrus,Brodmann area 18,0
20,-85,-20,Occipital Lobe,Fusiform Gyrus,Brodmann area 19,0
20,-80,-20,Occipital Lobe,Fusiform Gyrus,Brodmann area 19,0
20,-30,-20,Limbic Lobe,Parahippocampal Gyrus,Brodmann area 35,0
20,-25,-20,Limbic Lobe,Parahippocampal Gyrus,Brodmann area 35,0
20,-20,-20,Limbic Lobe,Parahippocampal Gyrus,Brodmann area 28,0
20,-15,-20,Limbic Lobe,Parahippocampal Gyrus,Brodmann area 28,0
20,-10,-20,Limbic Lobe,Parahippocampal Gyrus,Brodmann area 34,0
20,5,-20,Limbic Lobe,Parahippocampal Gyrus,Brodmann area 34,0
20,10,-20,Frontal Lobe,Inferior Frontal Gyrus,Brodmann area 47,0
20,15,-20,Frontal Lobe,Inferior Frontal Gyrus,Brodmann area 47,0
20,20,-20,Frontal Lobe,Inferior Frontal Gyrus,Brodmann area 47,0
20,25,-20,Frontal Lobe,Inferior Frontal Gyrus,Brodmann area 47,0
20,35,-20,Frontal Lobe,Inferior Frontal Gyrus,Brodmann area 11,0
20,40,-20,Frontal Lobe,Inferior Frontal Gyrus,Brodmann area 11,0
20,45,-20,Frontal Lobe,Superior Frontal Gyrus,Brodmann area 11,0
20,55,-20,Frontal Lobe,Superior Frontal Gyrus,Brodmann area 11,0
25,-90,-20,Occipital Lobe,Inferior Occipital Gyrus,Brodmann area 18,0
25,-85,-20,Occipital Lobe,Fusiform Gyrus,Brodmann area 19,0
25,-80,-20,Occipital Lobe,Fusiform Gyrus,Brodmann area 19,0
25,-75,-20,Occipital Lobe,Fusiform Gyrus,Brodmann area 19,0
25,-35,-20,Limbic Lobe,Parahippocampal Gyrus,Brodmann area 36,0
25,-30,-20,Limbic Lobe,Parahippocampal Gyrus,Brodmann area 36,0
25,-25,-20,Limbic Lobe,Parahippocampal Gyrus,Brodmann area 35,0
25,5,-20,Limbic Lobe,Parahippocampal Gyrus,Brodmann area 34,0
25,10,-20,Frontal Lobe,Inferior Frontal Gyrus,Brodmann area 47,0
25,15,-20,Frontal Lobe,Inferior Frontal Gyrus,Brodmann area 47,0
25,20,-20,Frontal Lobe,Inferior Frontal Gyrus,Brodmann area 47,0
25,25,-20,Frontal Lobe,Inferior Frontal Gyrus,Brodmann area 47,0
25,30,-20,Frontal Lobe,Middle Frontal Gyrus,Brodmann area 11,0
25,35,-20,Frontal Lobe,Inferior Frontal Gyrus,Brodmann area 11,0
25,40,-20,Frontal Lobe,Middle Frontal Gyrus,Brodmann area 11,0
30,-90,-20,Occipital Lobe,Inferior Occipital Gyrus,Brodmann area 18,0
30,-85,-20,Occipital Lobe,Fusiform Gyrus,Brodmann area 19,0
30,-75,-20,Occipital Lobe,Fusiform Gyrus,Brodmann area 19,0
30,-45,-20,Temporal Lobe,Fusiform Gyrus,Brodmann area 37,0
30,-40,-20,Temporal Lobe,Fusiform Gyrus,Brodmann area 20,0
30,-35,-20,Temporal Lobe,Fusiform Gyrus,Brodmann area 20,0
30,-30,-20,Limbic Lobe,Parahippocampal Gyrus,Brodmann area 36,0
30,5,-20,Limbic Lobe,Parahippocampal Gyrus,Brodmann area 34,0
30,10,-20,Frontal Lobe,Inferior Frontal Gyrus,Brodmann area 47,0
30,15,-20,Frontal Lobe,Inferior Frontal Gyrus,Brodmann area 47,0
30,20,-20,Frontal Lobe,Inferior Frontal Gyrus,Brodmann area 47,0
30,25,-20,Frontal Lobe,Inferior Frontal Gyrus,Brodmann area 47,0
30,30,-20,Frontal Lobe,Inferior Frontal Gyrus,Brodmann area 47,0
30,35,-20,Frontal Lobe,Middle Frontal Gyrus,Brodmann area 11,0
30,40,-20,Frontal Lobe,Middle Frontal Gyrus,Brodmann area 11,0
35,-90,-20,Occipital Lobe,Inferior Occipital Gyrus,Brodmann area 18,0
35,-85,-20,Occipital Lobe,Inferior Occipital Gyrus,Brodmann area 18,0
35,-80,-20,Occipital Lobe,Fusiform Gyrus,Brodmann area 19,0
35,-70,-20,Occipital Lobe,Fusiform Gyrus,Brodmann area 19,0
35,-55,-20,Temporal Lobe,Fusiform Gyrus,Brodmann area 37,0
35,-50,-20,Temporal Lobe,Fusiform Gyrus,Brodmann area 37,0
35,-45,-20,Temporal Lobe,Fusiform Gyrus,Brodmann area 37,0
35,-40,-20,Temporal Lobe,Fusiform Gyrus,Brodmann area 20,0
35,-35,-20,Temporal Lobe,Fusiform Gyrus,Brodmann area 20,0
35,-30,-20,Limbic Lobe,Parahippocampal Gyrus,Brodmann area 36,0
35,5,-20,Temporal Lobe,Superior Temporal Gyrus,Brodmann area 38,0
35,15,-20,Frontal Lobe,Inferior Frontal Gyrus,Brodmann area 47,0
35,20,-20,Frontal Lobe,Inferior Frontal Gyrus,Brodmann area 47,0
35,30,-20,Frontal Lobe,Inferior Frontal Gyrus,Brodmann area 47,0
35,40,-20,Frontal Lobe,Middle Frontal Gyrus,Brodmann area 11,0
40,-85,-20,Occipital Lobe,Inferior Occipital Gyrus,Brodmann area 18,0
40,-80,-20,Occipital Lobe,Fusiform Gyrus,Brodmann area 19,0
40,-75,-20,Occipital Lobe,Fusiform Gyrus,Brodmann area 19,0
40,-70,-20,Occipital Lobe,Fusiform Gyrus,Brodmann area 19,0
40,-65,-20,Occipital Lobe,Fusiform Gyrus,Brodmann area 19,0
40,-60,-20,Temporal Lobe,Fusiform Gyrus,Brodmann area 37,0
40,-55,-20,Temporal Lobe,Fusiform Gyrus,Brodmann area 37,0
40,-50,-20,Temporal Lobe,Fusiform Gyrus,Brodmann area 37,0
40,-45,-20,Temporal Lobe,Fusiform Gyrus,Brodmann area 37,0
40,-40,-20,Temporal Lobe,Fusiform Gyrus,Brodmann area 20,0
40,-35,-20,Temporal Lobe,Fusiform Gyrus,Brodmann area 20,0
40,-30,-20,Temporal Lobe,Fusiform Gyrus,Brodmann area 20,0
40,-25,-20,Limbic Lobe,Parahippocampal Gyrus,Brodmann area 20,0
40,10,-20,Temporal Lobe,Superior Temporal Gyrus,Brodmann area 38,0
40,15,-20,Temporal Lobe,Superior Temporal Gyrus,Brodmann area 38,0
40,20,-20,Frontal Lobe,Inferior Frontal Gyrus,Brodmann area 47,0
40,25,-20,Frontal Lobe,Inferior Frontal Gyrus,Brodmann area 47,0
40,30,-20,Frontal Lobe,Inferior Frontal Gyrus,Brodmann area 47,0
45,-75,-20,Temporal Lobe,Fusiform Gyrus,Brodmann area 19,0
45,-70,-20,Occipital Lobe,Fusiform Gyrus,Brodmann area 19,0
45,-65,-20,Temporal Lobe,Fusiform Gyrus,Brodmann area 37,0
45,-60,-20,Temporal Lobe,Fusiform Gyrus,Brodmann area 37,0
45,-55,-20,Temporal Lobe,Fusiform Gyrus,Brodmann area 37,0
45,-50,-20,Temporal Lobe,Fusiform Gyrus,Brodmann area 37,0
45,-45,-20,Temporal Lobe,Inferior Temporal Gyrus,Brodmann area 37,0
45,-40,-20,Temporal Lobe,Fusiform Gyrus,Brodmann area 37,0
45,-35,-20,Temporal Lobe,Fusiform Gyrus,Brodmann area 20,0
45,10,-20,Temporal Lobe,Superior Temporal Gyrus,Brodmann area 38,0
45,15,-20,Temporal Lobe,Superior Temporal Gyrus,Brodmann area 38,0
45,20,-20,Temporal Lobe,Superior Temporal Gyrus,Brodmann area 38,0
45,25,-20,Temporal Lobe,Superior Temporal Gyrus,Brodmann area 38,0
50,-70,-20,Temporal Lobe,Fusiform Gyrus,Brodmann area 19,0
50,-65,-20,Temporal Lobe,Fusiform Gyrus,Brodmann area 19,0
50,-60,-20,Temporal Lobe,Fusiform Gyrus,Brodmann area 37,0
50,-55,-20,Temporal Lobe,Inferior Temporal Gyrus,Brodmann area 20,0
50,-50,-20,Temporal Lobe,Fusiform Gyrus,Brodmann area 37,0
50,-45,-20,Temporal Lobe,Fusiform Gyrus,Brodmann area 37,0
50,-40,-20,Temporal Lobe,Inferior Temporal Gyrus,Brodmann area 37,0
50,-5,-20,Temporal Lobe,Middle Temporal Gyrus,Brodmann area 21,0
50,5,-20,Temporal Lobe,Middle Temporal Gyrus,Brodmann area 21,0
50,10,-20,Temporal Lobe,Middle Temporal Gyrus,Brodmann area 38,0
50,15,-20,Temporal Lobe,Superior Temporal Gyrus,Brodmann area 38,0
50,20,-20,Temporal Lobe,Superior Temporal Gyrus,Brodmann area 38,0
55,-60,-20,Temporal Lobe,Fusiform Gyrus,Brodmann area 37,0
55,-55,-20,Temporal Lobe,Inferior Temporal Gyrus,Brodmann area 20,0
55,-50,-20,Temporal Lobe,Inferior Temporal Gyrus,Brodmann area 20,0
55,-45,-20,Temporal Lobe,Inferior Temporal Gyrus,Brodmann area 37,0
55,-40,-20,Temporal Lobe,Inferior Temporal Gyrus,Brodmann area 37,0
55,-35,-20,Temporal Lobe,Inferior Temporal Gyrus,Brodmann area 20,0
55,-30,-20,Temporal Lobe,Inferior Temporal Gyrus,Brodmann area 20,0
55,-25,-20,Temporal Lobe,Inferior Temporal Gyrus,Brodmann area 20,0
55,-15,-20,Temporal Lobe,Middle Temporal Gyrus,Brodmann area 21,0
55,-10,-20,Temporal Lobe,Middle Temporal Gyrus,Brodmann area 21,0
55,-5,-20,Temporal Lobe,Middle Temporal Gyrus,Brodmann area 21,0
55,10,-20,Temporal Lobe,Middle Temporal Gyrus,Brodmann area 21,0
60,-50,-20,Temporal Lobe,Inferior Temporal Gyrus,Brodmann area 20,0
60,-45,-20,Temporal Lobe,Middle Temporal Gyrus,Brodmann area 20,0
60,-40,-20,Temporal Lobe,Inferior Temporal Gyrus,Brodmann area 20,0
60,-35,-20,Temporal Lobe,Inferior Temporal Gyrus,Brodmann area 20,0
60,-10,-20,Temporal Lobe,Inferior Temporal Gyrus,Brodmann area 21,0
60,-5,-20,Temporal Lobe,Inferior Temporal Gyrus,Brodmann area 21,0
60,0,-20,Temporal Lobe,Middle Temporal Gyrus,Brodmann area 21,0
65,-35,-20,Temporal Lobe,Middle Temporal Gyrus,Brodmann area 21,0
65,-30,-20,Temporal Lobe,Inferior Temporal Gyrus,Brodmann area 20,0
65,-25,-20,Temporal Lobe,Inferior Temporal Gyrus,Brodmann area 20,0
65,-20,-20,Temporal Lobe,Inferior Temporal Gyrus,Brodmann area 20,0
65,-15,-20,Temporal Lobe,Inferior Temporal Gyrus,Brodmann area 21,0
65,-10,-20,Temporal Lobe,Inferior Temporal Gyrus,Brodmann area 21,0
65,-5,-20,Temporal Lobe,Inferior Temporal Gyrus,Brodmann area 21,0
-65,-40,-15,Temporal Lobe,Middle Temporal Gyrus,Brodmann area 21,0
-65,-35,-15,Temporal Lobe,Middle Temporal Gyrus,Brodmann area 21,0
-65,-30,-15,Temporal Lobe,Middle Temporal Gyrus,Brodmann area 21,0
-65,-25,-15,Temporal Lobe,Middle Temporal Gyrus,Brodmann area 21,0
-65,-20,-15,Temporal Lobe,Middle Temporal Gyrus,Brodmann area 21,0
-65,-15,-15,Temporal Lobe,Middle Temporal Gyrus,Brodmann area 21,0
-65,-10,-15,Temporal Lobe,Middle Temporal Gyrus,Brodmann area 21,0
-65,-5,-15,Temporal Lobe,Middle Temporal Gyrus,Brodmann area 21,0
-60,-55,-15,Temporal Lobe,Inferior Temporal Gyrus,Brodmann area 37,0
-60,-50,-15,Temporal Lobe,Middle Temporal Gyrus,Brodmann area 37,0
-60,-45,-15,Temporal Lobe,Middle Temporal Gyrus,Brodmann area 20,0
-60,-40,-15,Temporal Lobe,Middle Temporal Gyrus,Brodmann area 21,0
-60,-30,-15,Temporal Lobe,Middle Temporal Gyrus,Brodmann area 21,0
-60,-25,-15,Temporal Lobe,Middle Temporal Gyrus,Brodmann area 21,0
-60,-20,-15,Temporal Lobe,Middle Temporal Gyrus,Brodmann area 21,0
-60,-15,-15,Temporal Lobe,Middle Temporal Gyrus,Brodmann area 21,0
-60,0,-15,Temporal Lobe,Middle Temporal Gyrus,Brodmann area 21,0
-55,-65,-15,Occipital Lobe,Middle Occipital Gyrus,Brodmann area 37,0
-55,-60,-15,Temporal Lobe,Inferior Temporal Gyrus,Brodmann area 37,0
-55,-55,-15,Temporal Lobe,Middle Temporal Gyrus,Brodmann area 37,0
-55,-50,-15,Temporal Lobe,Inferior Temporal Gyrus,Brodmann area 20,0
-55,-45,-15,Temporal Lobe,Inferior Temporal Gyrus,Brodmann area 20,0
-55,-40,-15,Temporal Lobe,Middle Temporal Gyrus,Brodmann area 20,0
-55,-25,-15,Temporal Lobe,Middle Temporal Gyrus,Brodmann area 21,0
-55,5,-15,Temporal Lobe,Middle Temporal Gyrus,Brodmann area 21,0
-55,10,-15,Temporal Lobe,Superior Temporal Gyrus,Brodmann area 38,0
-50,-70,-15,Occipital Lobe,Middle Occipital Gyrus,Brodmann area 19,0
-50,-65,-15,Occipital Lobe,Middle Occipital Gyrus,Brodmann area 37,0
-50,-60,-15,Temporal Lobe,Fusiform Gyrus,Brodmann area 37,0
-50,-55,-15,Temporal Lobe,Inferior Temporal Gyrus,Brodmann area 20,0
-50,-50,-15,Temporal Lobe,Inferior Temporal Gyrus,Brodmann area 20,0
-50,-45,-15,Temporal Lobe,Fusiform Gyrus,Brodmann area 37,0
-50,-40,-15,Temporal Lobe,Middle Temporal Gyrus,Brodmann area 37,0
-50,0,-15,Temporal Lobe,Middle Temporal Gyrus,Brodmann area 21,0
-50,5,-15,Temporal Lobe,Superior Temporal Gyrus,Brodmann area 38,0
-50,10,-15,Temporal Lobe,Superior Temporal Gyrus,Brodmann area 38,0
-50,15,-15,Temporal Lobe,Superior Temporal Gyrus,Brodmann area 38,0
-50,20,-15,Temporal Lobe,Superior Temporal Gyrus,Brodmann area 38,0
-45,-80,-15,Occipital Lobe,Middle Occipital Gyrus,Brodmann area 18,0
-45,-55,-15,Temporal Lobe,Fusiform Gyrus,Brodmann area 37,0
-45,-50,-15,Temporal Lobe,Fusiform Gyrus,Brodmann area 37,0
-45,-45,-15,Temporal Lobe,Sub-Gyral,Brodmann area 37,0
-45,10,-15,Temporal Lobe,Superior Temporal Gyrus,Brodmann area 38,0
-45,15,-15,Temporal Lobe,Superior Temporal Gyrus,Brodmann area 38,0
-45,20,-15,Temporal Lobe,Superior Temporal Gyrus,Brodmann area 38,0
-45,25,-15,Frontal Lobe,Inferior Frontal Gyrus,Brodmann area 47,0
-45,30,-15,Frontal Lobe,Inferior Frontal Gyrus,Brodmann area 47,0
-45,35,-15,Frontal Lobe,Inferior Frontal Gyrus,Brodmann area 47,0
-45,40,-15,Frontal Lobe,Inferior Frontal Gyrus,Brodmann area 47,0
-45,45,-15,Frontal Lobe,Middle Frontal Gyrus,Brodmann area 11,0
-40,-85,-15,Occipital Lobe,Inferior Occipital Gyrus,Brodmann area 18,0
-40,-80,-15,Occipital Lobe,Middle Occipital Gyrus,Brodmann area 18,0
-40,-60,-15,Temporal Lobe,Fusiform Gyrus,Brodmann area 37,0
-40,-30,-15,Limbic Lobe,Parahippocampal Gyrus,Brodmann area 36,0
-40,5,-15,Temporal Lobe,Superior Temporal Gyrus,Brodmann area 38,0
-40,10,-15,Temporal Lobe,Superior Temporal Gyrus,Brodmann area 38,0
-40,15,-15,Frontal Lobe,Inferior Frontal Gyrus,Brodmann area 47,0
-40,20,-15,Frontal Lobe,Inferior Frontal Gyrus,Brodmann area 47,0
-40,25,-15,Frontal Lobe,Inferior Frontal Gyrus,Brodmann area 47,0
-40,30,-15,Frontal Lobe,Inferior Frontal Gyrus,Brodmann area 47,0
-40,35,-15,Frontal Lobe,Middle Frontal Gyrus,Brodmann area 11,0
-35,-85,-15,Occipital Lobe,Middle Occipital Gyrus,Brodmann area 18,0
-35,-55,-15,Temporal Lobe,Fusiform Gyrus,Brodmann area 37,0
-35,-50,-15,Temporal Lobe,Fusiform Gyrus,Brodmann area 37,0
-35,-45,-15,Occipital Lobe,Fusiform Gyrus,Brodmann area 37,0
-35,-40,-15,Temporal Lobe,Fusiform Gyrus,Brodmann area 37,0
-35,-35,-15,Limbic Lobe,Parahippocampal Gyrus,Brodmann area 36,0
-35,-30,-15,Limbic Lobe,Parahippocampal Gyrus,Brodmann area 36,0
-35,5,-15,Temporal Lobe,Superior Temporal Gyrus,Brodmann area 38,0
-35,10,-15,Temporal Lobe,Inferior Frontal Gyrus,Brodmann area 13,0
-35,15,-15,Frontal Lobe,Inferior Frontal Gyrus,Brodmann area 47,0
-35,20,-15,Frontal Lobe,Inferior Frontal Gyrus,Brodmann area 47,0
-35,30,-15,Frontal Lobe,Inferior Frontal Gyrus,Brodmann area 47,0
-35,35,-15,Frontal Lobe,Middle Frontal Gyrus,Brodmann area 11,0
-35,40,-15,Frontal Lobe,Middle Frontal Gyrus,Brodmann area 11,0
-30,-85,-15,Occipital Lobe,Middle Occipital Gyrus,Brodmann area 18,0
-30,-70,-15,Occipital Lobe,Fusiform Gyrus,Brodmann area 19,0
-30,-50,-15,Occipital Lobe,Fusiform Gyrus,Brodmann area 37,0
-30,-45,-15,Limbic Lobe,Parahippocampal Gyrus,Brodmann area 37,0
-30,-40,-15,Limbic Lobe,Parahippocampal Gyrus,Brodmann area 37,0
-30,-35,-15,Temporal Lobe,Fusiform Gyrus,Brodmann area 37,0
-30,15,-15,Frontal Lobe,Inferior Frontal Gyrus,Brodmann area 13,0
-30,25,-15,Frontal Lobe,Inferior Frontal Gyrus,Brodmann area 47,0
-30,30,-15,Frontal Lobe,Inferior Frontal Gyrus,Brodmann area 47,0
-30,35,-15,Frontal Lobe,Middle Frontal Gyrus,Brodmann area 11,0
-30,40,-15,Frontal Lobe,Middle Frontal Gyrus,Brodmann area 11,0
-30,45,-15,Frontal Lobe,Superior Frontal Gyrus,Brodmann area 11,0
-30,50,-15,Frontal Lobe,Superior Frontal Gyrus,Brodmann area 11,0
-25,-90,-15,Occipital Lobe,Inferior Occipital Gyrus,Brodmann area 18,0
-25,-85,-15,Occipital Lobe,Middle Occipital Gyrus,Brodmann area 18,0
-25,-80,-15,Occipital Lobe,Lingual Gyrus,Brodmann area 18,0
-25,-70,-15,Occipital Lobe,Fusiform Gyrus,Brodmann area 19,0
-25,-60,-15,Occipital Lobe,Fusiform Gyrus,Brodmann area 19,0
-25,-55,-15,Occipital Lobe,Fusiform Gyrus,Brodmann area 19,0
-25,-50,-15,Occipital Lobe,Fusiform Gyrus,Brodmann area 37,0
-25,-45,-15,Limbic Lobe,Parahippocampal Gyrus,Brodmann area 37,0
-25,-40,-15,Limbic Lobe,Parahippocampal Gyrus,Brodmann area 36,0
-25,-35,-15,Limbic Lobe,Parahippocampal Gyrus,Brodmann area 36,0
-25,-30,-15,Limbic Lobe,Parahippocampal Gyrus,Brodmann area 36,0
-25,5,-15,Frontal Lobe,Subcallosal Gyrus,Brodmann area 34,0
-25,15,-15,Frontal Lobe,Inferior Frontal Gyrus,Brodmann area 47,0
-25,25,-15,Frontal Lobe,Inferior Frontal Gyrus,Brodmann area 47,0
-25,30,-15,Frontal Lobe,Inferior Frontal Gyrus,Brodmann area 47,0
-25,35,-15,Frontal Lobe,Middle Frontal Gyrus,Brodmann area 11,0
-25,40,-15,Frontal Lobe,Middle Frontal Gyrus,Brodmann area 11,0
-25,45,-15,Frontal Lobe,Superior Frontal Gyrus,Brodmann area 11,0
-25,50,-15,Frontal Lobe,Superior Frontal Gyrus,Brodmann area 11,0
-25,55,-15,Frontal Lobe,Superior Frontal Gyrus,Brodmann area 11,0
-25,60,-15,Frontal Lobe,Superior Frontal Gyrus,Brodmann area 11,0
-20,-95,-15,Occipital Lobe,Inferior Occipital Gyrus,Brodmann area 17,0
-20,-90,-15,Occipital Lobe,Middle Occipital Gyrus,Brodmann area 18,0
-20,-80,-15,Occipital Lobe,Lingual Gyrus,Brodmann area 18,0
-20,-75,-15,Occipital Lobe,Lingual Gyrus,Brodmann area 18,0
-20,-70,-15,Occipital Lobe,Fusiform Gyrus,Brodmann area 19,0
-20,-65,-15,Occipital Lobe,Fusiform Gyrus,Brodmann area 19,0
-20,-60,-15,Occipital Lobe,Fusiform Gyrus,Brodmann area 19,0
-20,-40,-15,Limbic Lobe,Parahippocampal Gyrus,Brodmann area 36,0
-20,-35,-15,Limbic Lobe,Parahippocampal Gyrus,Brodmann area 35,0
-20,-30,-15,Limbic Lobe,Parahippocampal Gyrus,Brodmann area 35,0
-20,-25,-15,Limbic Lobe,Parahippocampal Gyrus,Brodmann area 35,0
-20,-20,-15,Limbic Lobe,Parahippocampal Gyrus,Brodmann area 35,0
-20,-15,-15,Limbic Lobe,Parahippocampal Gyrus,Brodmann area 28,0
-20,0,-15,Limbic Lobe,Parahippocampal Gyrus,Brodmann area 34,0
-20,5,-15,Frontal Lobe,Subcallosal Gyrus,Brodmann area 34,0
-20,15,-15,Frontal Lobe,Subcallosal Gyrus,Brodmann area 13,0
-20,25,-15,Frontal Lobe,Middle Frontal Gyrus,Brodmann area 11,0
-20,40,-15,Frontal Lobe,Middle Frontal Gyrus,Brodmann area 11,0
-20,50,-15,Frontal Lobe,Superior Frontal Gyrus,Brodmann area 11,0
-20,55,-15,Frontal Lobe,Superior Frontal Gyrus,Brodmann area 11,0
-20,60,-15,Frontal Lobe,Superior Frontal Gyrus,Brodmann area 11,0
-15,-95,-15,Occipital Lobe,Lingual Gyrus,Brodmann area 17,0
-15,-85,-15,Occipital Lobe,Lingual Gyrus,Brodmann area 18,0
-15,-80,-15,Occipital Lobe,Lingual Gyrus,Brodmann area 18,0
-15,-10,-15,Limbic Lobe,Parahippocampal Gyrus,Brodmann area 28,0
-15,-5,-15,Limbic Lobe,Parahippocampal Gyrus,Brodmann area 28,0
-15,0,-15,Limbic Lobe,Parahippocampal Gyrus,Brodmann area 34,0
-15,5,-15,Frontal Lobe,Subcallosal Gyrus,Brodmann area 34,0
-15,15,-15,Frontal Lobe,Subcallosal Gyrus,Brodmann area 13,3
-15,20,-15,Frontal Lobe,Inferior Frontal Gyrus,Brodmann area 47,3
-15,25,-15,Frontal Lobe,Inferior Frontal Gyrus,Brodmann area 47,3
-15,30,-15,Frontal Lobe,Inferior Frontal Gyrus,Brodmann area 47,0
-15,50,-15,Frontal Lobe,Superior Frontal Gyrus,Brodmann area 11,0
-15,55,-15,Frontal Lobe,Superior Frontal Gyrus,Brodmann area 11,0
-15,65,-15,Frontal Lobe,Superior Frontal Gyrus,Brodmann area 11,0
-10,-100,-15,Occipital Lobe,Lingual Gyrus,Brodmann area 18,0
-10,-95,-15,Occipital Lobe,Lingual Gyrus,Brodmann area 17,0
-10,-85,-15,Occipital Lobe,Lingual Gyrus,Brodmann area 18,0
-10,5,-15,Frontal Lobe,Subcallosal Gyrus,Brodmann area 34,0
-10,20,-15,Frontal Lobe,Medial Frontal Gyrus,Brodmann area 25,3
-10,25,-15,Frontal Lobe,Subcallosal Gyrus,Brodmann area 11,3
-10,30,-15,Frontal Lobe,Medial Frontal Gyrus,Brodmann area 25,0
-10,65,-15,Frontal Lobe,Medial Frontal Gyrus,Brodmann area 11,0
-5,-90,-15,Occipital Lobe,Lingual Gyrus,Brodmann area 18,0
-5,-85,-15,Occipital Lobe,Lingual Gyrus,Brodmann area 18,0
-5,5,-15,Frontal Lobe,Subcallosal Gyrus,Brodmann area 25,0
-5,10,-15,Frontal Lobe,Subcallosal Gyrus,Brodmann area 25,3
-5,15,-15,Frontal Lobe,Subcallosal Gyrus,Brodmann area 25,3
-5,20,-15,Frontal Lobe,Subcallosal Gyrus,Brodmann area 25,3
-5,25,-15,Frontal Lobe,Medial Frontal Gyrus,Brodmann area 11,3
-5,30,-15,Frontal Lobe,Medial Frontal Gyrus,Brodmann area 11,0
-5,35,-15,Frontal Lobe,Medial Frontal Gyrus,Brodmann area 11,0
-5,40,-15,Frontal Lobe,Medial Frontal Gyrus,Brodmann area 11,0
-5,45,-15,Frontal Lobe,Medial Frontal Gyrus,Brodmann area 11,0
-5,50,-15,Frontal Lobe,Medial Frontal Gyrus,Brodmann area 11,0
-5,55,-15,Frontal Lobe,Medial Frontal Gyrus,Brodmann area 11,0
-5,60,-15,Frontal Lobe,Medial Frontal Gyrus,Brodmann area 11,0
-5,65,-15,Frontal Lobe,Medial Frontal Gyrus,Brodmann area 11,0
0,-95,-15,Occipital Lobe,Lingual Gyrus,Brodmann area 18,0
0,-90,-15,Occipital Lobe,Lingual Gyrus,Brodmann area 18,0
0,5,-15,Frontal Lobe,Subcallosal Gyrus,Brodmann area 25,0
0,10,-15,Frontal Lobe,Subcallosal Gyrus,Brodmann area 25,0
5,-95,-15,Occipital Lobe,Lingual Gyrus,Brodmann area 18,0
5,-90,-15,Occipital Lobe,Lingual Gyrus,Brodmann area 18,0
5,-85,-15,Occipital Lobe,Lingual Gyrus,Brodmann area 18,0
5,5,-15,Frontal Lobe,Subcallosal Gyrus,Brodmann area 25,0
5,10,-15,Frontal Lobe,Subcallosal Gyrus,Brodmann area 25,0
5,15,-15,Frontal Lobe,Subcallosal Gyrus,Brodmann area 25,0
5,20,-15,Frontal Lobe,Subcallosal Gyrus,Brodmann area 25,0
5,25,-15,Frontal Lobe,Medial Frontal Gyrus,Brodmann area 25,0
5,30,-15,Frontal Lobe,Medial Frontal Gyrus,Brodmann area 11,0
5,35,-15,Frontal Lobe,Medial Frontal Gyrus,Brodmann area 11,0
5,40,-15,Frontal Lobe,Medial Frontal Gyrus,Brodmann area 11,0
5,45,-15,Frontal Lobe,Medial Frontal Gyrus,Brodmann area 11,0
5,50,-15,Frontal Lobe,Medial Frontal Gyrus,Brodmann area 11,0
5,55,-15,Frontal Lobe,Medial Frontal Gyrus,Brodmann area 11,0
5,60,-15,Frontal Lobe,Medial Frontal Gyrus,Brodmann area 11,0
5,65,-15,Frontal Lobe,Medial Frontal Gyrus,Brodmann area 11,0
10,-95,-15,Occipital Lobe,Lingual Gyrus,Brodmann area 17,0
10,-85,-15,Occipital Lobe,Lingual Gyrus,Brodmann area 18,0
10,5,-15,Frontal Lobe,Subcallosal Gyrus,Brodmann area 34,0
10,20,-15,Frontal Lobe,Medial Frontal Gyrus,Brodmann area 25,0
10,25,-15,Frontal Lobe,Medial Frontal Gyrus,Brodmann area 11,0
10,30,-15,Frontal Lobe,Medial Frontal Gyrus,Brodmann area 25,0
10,65,-15,Frontal Lobe,Medial Frontal Gyrus,Brodmann area 11,0
15,-95,-15,Occipital Lobe,Lingual Gyrus,Brodmann area 17,0
15,-85,-15,Occipital Lobe,Lingual Gyrus,Brodmann area 18,0
15,-80,-15,Occipital Lobe,Lingual Gyrus,Brodmann area 18,0
15,-10,-15,Limbic Lobe,Parahippocampal Gyrus,Brodmann area 28,0
15,-5,-15,Limbic Lobe,Parahippocampal Gyrus,Brodmann area 28,0
15,0,-15,Limbic Lobe,Parahippocampal Gyrus,Brodmann area 34,0
15,5,-15,Frontal Lobe,Subcallosal Gyrus,Brodmann area 34,0
15,15,-15,Frontal Lobe,Subcallosal Gyrus,Brodmann area 47,0
15,20,-15,Frontal Lobe,Inferior Frontal Gyrus,Brodmann area 47,0
15,25,-15,Frontal Lobe,Inferior Frontal Gyrus,Brodmann area 47,0
15,30,-15,Frontal Lobe,Inferior Frontal Gyrus,Brodmann area 47,0
15,50,-15,Frontal Lobe,Superior Frontal Gyrus,Brodmann area 11,0
15,55,-15,Frontal Lobe,Superior Frontal Gyrus,Brodmann area 11,0
15,65,-15,Frontal Lobe,Superior Frontal Gyrus,Brodmann area 11,0
20,-95,-15,Occipital Lobe,Inferior Occipital Gyrus,Brodmann area 17,0
20,-90,-15,Occipital Lobe,Inferior Occipital Gyrus,Brodmann area 18,0
20,-80,-15,Occipital Lobe,Lingual Gyrus,Brodmann area 18,0
20,-75,-15,Occipital Lobe,Lingual Gyrus,Brodmann area 18,0
20,-40,-15,Limbic Lobe,Parahippocampal Gyrus,Brodmann area 36,0
20,-35,-15,Limbic Lobe,Parahippocampal Gyrus,Brodmann area 35,0
20,-30,-15,Limbic Lobe,Parahippocampal Gyrus,Brodmann area 35,0
20,-25,-15,Limbic Lobe,Parahippocampal Gyrus,Brodmann area 35,0
20,-20,-15,Limbic Lobe,Parahippocampal Gyrus,Brodmann area 35,0
20,-15,-15,Limbic Lobe,Parahippocampal Gyrus,Brodmann area 28,0
20,0,-15,Limbic Lobe,Parahippocampal Gyrus,Brodmann area 34,0
20,5,-15,Frontal Lobe,Subcallosal Gyrus,Brodmann area 34,0
20,15,-15,Frontal Lobe,Subcallosal Gyrus,Brodmann area 47,0
20,25,-15,Frontal Lobe,Middle Frontal Gyrus,Brodmann area 11,0
20,40,-15,Frontal Lobe,Middle Frontal Gyrus,Brodmann area 11,0
20,50,-15,Frontal Lobe,Superior Frontal Gyrus,Brodmann area 11,0
20,55,-15,Frontal Lobe,Superior Frontal Gyrus,Brodmann area 11,0
20,60,-15,Frontal Lobe,Superior Frontal Gyrus,Brodmann area 11,0
20,65,-15,Frontal Lobe,Superior Frontal Gyrus,Brodmann area 11,0
25,-90,-15,Occipital Lobe,Inferior Occipital Gyrus,Brodmann area 18,0
25,-85,-15,Occipital Lobe,Middle Occipital Gyrus,Brodmann area 18,0
25,-80,-15,Occipital Lobe,Lingual Gyrus,Brodmann area 18,0
25,-75,-15,Occipital Lobe,Lingual Gyrus,Brodmann area 18,0
25,-70,-15,Occipital Lobe,Fusiform Gyrus,Brodmann area 19,0
25,-65,-15,Occipital Lobe,Fusiform Gyrus,Brodmann area 19,0
25,-60,-15,Occipital Lobe,Fusiform Gyrus,Brodmann area 19,0
25,-55,-15,Occipital Lobe,Fusiform Gyrus,Brodmann area 19,0
25,-50,-15,Occipital Lobe,Parahippocampal Gyrus,Brodmann area 37,0
25,-45,-15,Limbic Lobe,Parahippocampal Gyrus,Brodmann area 37,0
25,-40,-15,Limbic Lobe,Parahippocampal Gyrus,Brodmann area 36,0
25,-35,-15,Limbic Lobe,Parahippocampal Gyrus,Brodmann area 36,0
25,-30,-15,Limbic Lobe,Parahippocampal Gyrus,Brodmann area 36,0
25,5,-15,Frontal Lobe,Subcallosal Gyrus,Brodmann area 34,0
25,15,-15,Frontal Lobe,Inferior Frontal Gyrus,Brodmann area 47,0
25,25,-15,Frontal Lobe,Inferior Frontal Gyrus,Brodmann area 47,0
25,30,-15,Frontal Lobe,Inferior Frontal Gyrus,Brodmann area 47,0
25,35,-15,Frontal Lobe,Middle Frontal Gyrus,Brodmann area 11,0
25,40,-15,Frontal Lobe,Middle Frontal Gyrus,Brodmann area 11,0
25,45,-15,Frontal Lobe,Superior Frontal Gyrus,Brodmann area 11,0
25,50,-15,Frontal Lobe,Superior Frontal Gyrus,Brodmann area 11,0
25,55,-15,Frontal Lobe,Superior Frontal Gyrus,Brodmann area 11,0
25,60,-15,Frontal Lobe,Superior Frontal Gyrus,Brodmann area 11,0
30,-85,-15,Occipital Lobe,Middle Occipital Gyrus,Brodmann area 18,0
30,-70,-15,Occipital Lobe,Fusiform Gyrus,Brodmann area 19,0
30,-50,-15,Occipital Lobe,Fusiform Gyrus,Brodmann area 37,0
30,-45,-15,Limbic Lobe,Parahippocampal Gyrus,Brodmann area 37,0
30,-40,-15,Temporal Lobe,Fusiform Gyrus,Brodmann area 37,0
30,-35,-15,Limbic Lobe,Parahippocampal Gyrus,Brodmann area 36,0
30,15,-15,Frontal Lobe,Inferior Frontal Gyrus,Brodmann area 13,0
30,25,-15,Frontal Lobe,Inferior Frontal Gyrus,Brodmann area 47,0
30,30,-15,Frontal Lobe,Inferior Frontal Gyrus,Brodmann area 47,0
30,35,-15,Frontal Lobe,Middle Frontal Gyrus,Brodmann area 11,0
30,40,-15,Frontal Lobe,Middle Frontal Gyrus,Brodmann area 11,0
30,45,-15,Frontal Lobe,Superior Frontal Gyrus,Brodmann area 11,0
30,50,-15,Frontal Lobe,Superior Frontal Gyrus,Brodmann area 11,0
30,55,-15,Frontal Lobe,Superior Frontal Gyrus,Brodmann area 11,0
35,-85,-15,Occipital Lobe,Middle Occipital Gyrus,Brodmann area 18,0
35,-55,-15,Temporal Lobe,Fusiform Gyrus,Brodmann area 37,0
35,-50,-15,Temporal Lobe,Fusiform Gyrus,Brodmann area 37,0
35,-45,-15,Occipital Lobe,Fusiform Gyrus,Brodmann area 37,0
35,-40,-15,Temporal Lobe,Fusiform Gyrus,Brodmann area 37,0
35,-35,-15,Limbic Lobe,Parahippocampal Gyrus,Brodmann area 36,0
35,5,-15,Temporal Lobe,Superior Temporal Gyrus,Brodmann area 38,0
35,10,-15,Temporal Lobe,Inferior Frontal Gyrus,Brodmann area 13,0
35,15,-15,Frontal Lobe,Inferior Frontal Gyrus,Brodmann area 47,0
35,20,-15,Frontal Lobe,Inferior Frontal Gyrus,Brodmann area 47,0
35,30,-15,Frontal Lobe,Inferior Frontal Gyrus,Brodmann area 47,0
35,35,-15,Frontal Lobe,Middle Frontal Gyrus,Brodmann area 11,0
35,40,-15,Frontal Lobe,Middle Frontal Gyrus,Brodmann area 11,0
35,55,-15,Frontal Lobe,Middle Frontal Gyrus,Brodmann area 11,0
40,-85,-15,Occipital Lobe,Inferior Occipital Gyrus,Brodmann area 18,0
40,-80,-15,Occipital Lobe,Middle Occipital Gyrus,Brodmann area 18,0
40,-60,-15,Temporal Lobe,Fusiform Gyrus,Brodmann area 37,0
40,-55,-15,Temporal Lobe,Fusiform Gyrus,Brodmann area 37,0
40,-30,-15,Limbic Lobe,Parahippocampal Gyrus,Brodmann area 36,0
40,5,-15,Temporal Lobe,Superior Temporal Gyrus,Brodmann area 38,0
40,10,-15,Temporal Lobe,Superior Temporal Gyrus,Brodmann area 38,0
40,15,-15,Frontal Lobe,Inferior Frontal Gyrus,Brodmann area 47,0
40,20,-15,Frontal Lobe,Inferior Frontal Gyrus,Brodmann area 47,0
40,25,-15,Frontal Lobe,Inferior Frontal Gyrus,Brodmann area 47,0
40,30,-15,Frontal Lobe,Inferior Frontal Gyrus,Brodmann area 47,0
40,35,-15,Frontal Lobe,Middle Frontal Gyrus,Brodmann area 11,0
40,50,-15,Frontal Lobe,Middle Frontal Gyrus,Brodmann area 11,0
45,-80,-15,Occipital Lobe,Middle Occipital Gyrus,Brodmann area 18,0
45,-55,-15,Temporal Lobe,Fusiform Gyrus,Brodmann area 37,0
45,-50,-15,Temporal Lobe,Fusiform Gyrus,Brodmann area 37,0
45,10,-15,Temporal Lobe,Superior Temporal Gyrus,Brodmann area 38,0
45,15,-15,Temporal Lobe,Superior Temporal Gyrus,Brodmann area 38,0
45,20,-15,Temporal Lobe,Superior Temporal Gyrus,Brodmann area 38,0
45,25,-15,Frontal Lobe,Inferior Frontal Gyrus,Brodmann area 47,0
45,30,-15,Frontal Lobe,Inferior Frontal Gyrus,Brodmann area 47,0
45,35,-15,Frontal Lobe,Middle Frontal Gyrus,Brodmann area 11,0
45,40,-15,Frontal Lobe,Middle Frontal Gyrus,Brodmann area 11,0
45,45,-15,Frontal Lobe,Middle Frontal Gyrus,Brodmann area 11,0
50,-75,-15,Occipital Lobe,Middle Occipital Gyrus,Brodmann area 19,0
50,-70,-15,Occipital Lobe,Middle Occipital Gyrus,Brodmann area 19,0
50,-65,-15,Occipital Lobe,Middle Occipital Gyrus,Brodmann area 37,0
50,-60,-15,Temporal Lobe,Fusiform Gyrus,Brodmann area 37,0
50,-55,-15,Temporal Lobe,Inferior Temporal Gyrus,Brodmann area 20,0
50,-50,-15,Temporal Lobe,Inferior Temporal Gyrus,Brodmann area 20,0
50,-45,-15,Temporal Lobe,Fusiform Gyrus,Brodmann area 37,0
50,-40,-15,Temporal Lobe,Fusiform Gyrus,Brodmann area 37,0
50,0,-15,Temporal Lobe,Middle Temporal Gyrus,Brodmann area 21,0
50,5,-15,Temporal Lobe,Superior Temporal Gyrus,Brodmann area 38,0
50,10,-15,Temporal Lobe,Superior Temporal Gyrus,Brodmann area 38,0
50,15,-15,Temporal Lobe,Superior Temporal Gyrus,Brodmann area 38,0
50,20,-15,Temporal Lobe,Superior Temporal Gyrus,Brodmann area 38,0
50,25,-15,Frontal Lobe,Inferior Frontal Gyrus,Brodmann area 47,0
50,30,-15,Frontal Lobe,Inferior Frontal Gyrus,Brodmann area 47,0
55,-65,-15,Occipital Lobe,Middle Occipital Gyrus,Brodmann area 37,0
55,-60,-15,Temporal Lobe,Inferior Temporal Gyrus,Brodmann area 37,0
55,-55,-15,Temporal Lobe,Middle Temporal Gyrus,Brodmann area 37,0
55,-50,-15,Temporal Lobe,Inferior Temporal Gyrus,Brodmann area 20,0
55,-45,-15,Temporal Lobe,Middle Temporal Gyrus,Brodmann area 20,0
55,-40,-15,Temporal Lobe,Middle Temporal Gyrus,Brodmann area 20,0
55,-25,-15,Temporal Lobe,Middle Temporal Gyrus,Brodmann area 21,0
55,5,-15,Temporal Lobe,Middle Temporal Gyrus,Brodmann area 21,0
55,10,-15,Temporal Lobe,Superior Temporal Gyrus,Brodmann area 38,0
55,15,-15,Temporal Lobe,Superior Temporal Gyrus,Brodmann area 38,0
60,-60,-15,Temporal Lobe,Inferior Temporal Gyrus,Brodmann area 37,0
60,-55,-15,Temporal Lobe,Inferior Temporal Gyrus,Brodmann area 37,0
60,-50,-15,Temporal Lobe,Middle Temporal Gyrus,Brodmann area 37,0
60,-45,-15,Temporal Lobe,Middle Temporal Gyrus,Brodmann area 20,0
60,-40,-15,Temporal Lobe,Middle Temporal Gyrus,Brodmann area 21,0
60,-30,-15,Temporal Lobe,Middle Temporal Gyrus,Brodmann area 21,0
60,-25,-15,Temporal Lobe,Middle Temporal Gyrus,Brodmann area 21,0
60,-20,-15,Temporal Lobe,Middle Temporal Gyrus,Brodmann area 21,0
60,-15,-15,Temporal Lobe,Middle Temporal Gyrus,Brodmann area 21,0
60,0,-15,Temporal Lobe,Middle Temporal Gyrus,Brodmann area 21,0
60,5,-15,Temporal Lobe,Middle Temporal Gyrus,Brodmann area 21,0
65,-45,-15,Temporal Lobe,Middle Temporal Gyrus,Brodmann area 21,0
65,-40,-15,Temporal Lobe,Middle Temporal Gyrus,Brodmann area 21,0
65,-35,-15,Temporal Lobe,Middle Temporal Gyrus,Brodmann area 21,0
65,-30,-15,Temporal Lobe,Middle Temporal Gyrus,Brodmann area 21,0
65,-25,-15,Temporal Lobe,Middle Temporal Gyrus,Brodmann area 21,0
65,-20,-15,Temporal Lobe,Middle Temporal Gyrus,Brodmann area 21,0
65,-15,-15,Temporal Lobe,Middle Temporal Gyrus,Brodmann area 21,0
65,-10,-15,Temporal Lobe,Middle Temporal Gyrus,Brodmann area 21,0
-65,-50,-10,Temporal Lobe,Middle Temporal Gyrus,Brodmann area 21,0
-65,-45,-10,Temporal Lobe,Middle Temporal Gyrus,Brodmann area 21,0
-65,-40,-10,Temporal Lobe,Middle Temporal Gyrus,Brodmann area 21,0
-65,-35,-10,Temporal Lobe,Middle Temporal Gyrus,Brodmann area 21,0
-65,-30,-10,Temporal Lobe,Middle Temporal Gyrus,Brodmann area 21,0
-65,-25,-10,Temporal Lobe,Middle Temporal Gyrus,Brodmann area 21,0
-65,-20,-10,Temporal Lobe,Middle Temporal Gyrus,Brodmann area 21,0
-65,-15,-10,Temporal Lobe,Middle Temporal Gyrus,Brodmann area 21,0
-65,-10,-10,Temporal Lobe,Middle Temporal Gyrus,Brodmann area 21,0
-60,-65,-10,Temporal Lobe,Inferior Temporal Gyrus,Brodmann area 37,0
-60,-60,-10,Temporal Lobe,Inferior Temporal Gyrus,Brodmann area 37,0
-60,-55,-10,Temporal Lobe,Inferior Temporal Gyrus,Brodmann area 37,0
-60,-50,-10,Temporal Lobe,Middle Temporal Gyrus,Brodmann area 37,0
-60,-45,-10,Temporal Lobe,Middle Temporal Gyrus,Brodmann area 37,0
-60,-30,-10,Temporal Lobe,Middle Temporal Gyrus,Brodmann area 21,0
-60,-25,-10,Temporal Lobe,Middle Temporal Gyrus,Brodmann area 21,0
-60,-20,-10,Temporal Lobe,Middle Temporal Gyrus,Brodmann area 21,0
-60,-15,-10,Temporal Lobe,Middle Temporal Gyrus,Brodmann area 21,0
-55,-70,-10,Occipital Lobe,Middle Occipital Gyrus,Brodmann area 19,0
-55,-65,-10,Occipital Lobe,Middle Occipital Gyrus,Brodmann area 19,0
-55,-60,-10,Temporal Lobe,Inferior Temporal Gyrus,Brodmann area 37,0
-55,-55,-10,Temporal Lobe,Middle Temporal Gyrus,Brodmann area 37,0
-55,-15,-10,Temporal Lobe,Middle Temporal Gyrus,Brodmann area 21,0
-55,0,-10,Temporal Lobe,Middle Temporal Gyrus,Brodmann area 21,0
-55,5,-10,Temporal Lobe,Superior Temporal Gyrus,Brodmann area 38,0
-50,-60,-10,Occipital Lobe,Middle Occipital Gyrus,Brodmann area 19,0
-50,-55,-10,Temporal Lobe,Inferior Temporal Gyrus,Brodmann area 37,0
-50,-5,-10,Temporal Lobe,Superior Temporal Gyrus,Brodmann area 21,0
-50,0,-10,Temporal Lobe,Superior Temporal Gyrus,Brodmann area 38,0
-50,15,-10,Temporal Lobe,Superior Temporal Gyrus,Brodmann area 38,0
-50,20,-10,Frontal Lobe,Inferior Frontal Gyrus,Brodmann area 47,0
-50,25,-10,Frontal Lobe,Inferior Frontal Gyrus,Brodmann area 47,0
-50,30,-10,Frontal Lobe,Inferior Frontal Gyrus,Brodmann area 47,0
-50,40,-10,Frontal Lobe,Inferior Frontal Gyrus,Brodmann area 47,0
-50,45,-10,Frontal Lobe,Inferior Frontal Gyrus,Brodmann area 47,0
-45,-80,-10,Occipital Lobe,Inferior Occipital Gyrus,Brodmann area 19,0
-45,-75,-10,Occipital Lobe,Middle Occipital Gyrus,Brodmann area 19,0
-45,-45,-10,Temporal Lobe,Sub-Gyral,Brodmann area 37,0
-45,-20,-10,Temporal Lobe,Superior Temporal Gyrus,Brodmann area 22,0
-45,-10,-10,Temporal Lobe,Sub-Gyral,Brodmann area 21,0
-45,0,-10,Temporal Lobe,Superior Temporal Gyrus,Brodmann area 13,0
-45,5,-10,Temporal Lobe,Superior Temporal Gyrus,Brodmann area 38,0
-45,10,-10,Temporal Lobe,Superior Temporal Gyrus,Brodmann area 38,0
-45,15,-10,Temporal Lobe,Superior Temporal Gyrus,Brodmann area 38,0
-45,20,-10,Frontal Lobe,Inferior Frontal Gyrus,Brodmann area 47,0
-45,25,-10,Frontal Lobe,Inferior Frontal Gyrus,Brodmann area 47,0
-45,30,-10,Frontal Lobe,Inferior Frontal Gyrus,Brodmann area 47,0
-45,35,-10,Frontal Lobe,Inferior Frontal Gyrus,Brodmann area 47,0
-45,40,-10,Frontal Lobe,Middle Frontal Gyrus,Brodmann area 47,0
-45,45,-10,Frontal Lobe,Middle Frontal Gyrus,Brodmann area 11,0
-45,50,-10,Frontal Lobe,Middle Frontal Gyrus,Brodmann area 11,0
-40,-90,-10,Occipital Lobe,Inferior Occipital Gyrus,Brodmann area 18,0
-40,-85,-10,Occipital Lobe,Inferior Occipital Gyrus,Brodmann area 19,0
-40,-80,-10,Occipital Lobe,Inferior Occipital Gyrus,Brodmann area 19,0
-40,-75,-10,Occipital Lobe,Inferior Occipital Gyrus,Brodmann area 19,0
-40,-20,-10,Sub-lobar,Insula,Brodmann area 13,0
-40,-15,-10,Temporal Lobe,Sub-Gyral,Brodmann area 21,0
-40,-10,-10,Temporal Lobe,Sub-Gyral,Brodmann area 21,0
-40,-5,-10,Temporal Lobe,Sub-Gyral,Brodmann area 21,0
-40,0,-10,Temporal Lobe,Sub-Gyral,Brodmann area 13,0
-40,5,-10,Sub-lobar,Extra-Nuclear,Brodmann area 13,0
-40,10,-10,Sub-lobar,Extra-Nuclear,Brodmann area 13,0
-40,15,-10,Frontal Lobe,Inferior Frontal Gyrus,Brodmann area 47,0
-40,25,-10,Frontal Lobe,Inferior Frontal Gyrus,Brodmann area 47,0
-40,30,-10,Frontal Lobe,Inferior Frontal Gyrus,Brodmann area 47,0
-40,35,-10,Frontal Lobe,Middle Frontal Gyrus,Brodmann area 11,0
-40,40,-10,Frontal Lobe,Middle Frontal Gyrus,Brodmann area 47,0
-40,50,-10,Frontal Lobe,Middle Frontal Gyrus,Brodmann area 11,0
-40,55,-10,Frontal Lobe,Middle Frontal Gyrus,Brodmann area 11,0
-35,-85,-10,Occipital Lobe,Inferior Occipital Gyrus,Brodmann area 18,0
-35,-80,-10,Occipital Lobe,Inferior Occipital Gyrus,Brodmann area 19,0
-35,-45,-10,Limbic Lobe,Parahippocampal Gyrus,Brodmann area 19,0
-35,-40,-10,Temporal Lobe,Fusiform Gyrus,Brodmann area 37,0
-35,10,-10,Sub-lobar,Extra-Nuclear,Brodmann area 13,0
-35,15,-10,Sub-lobar,Extra-Nuclear,Brodmann area 13,0
-35,20,-10,Frontal Lobe,Inferior Frontal Gyrus,Brodmann area 47,0
-35,30,-10,Frontal Lobe,Inferior Frontal Gyrus,Brodmann area 47,0
-35,35,-10,Frontal Lobe,Middle Frontal Gyrus,Brodmann area 11,0
-35,40,-10,Frontal Lobe,Middle Frontal Gyrus,Brodmann area 11,0
-35,55,-10,Frontal Lobe,Middle Frontal Gyrus,Brodmann area 11,0
-35,60,-10,Frontal Lobe,Middle Frontal Gyrus,Brodmann area 11,0
-30,-95,-10,Occipital Lobe,Inferior Occipital Gyrus,Brodmann area 18,0
-30,-50,-10,Limbic Lobe,Parahippocampal Gyrus,Brodmann area 19,0
-30,-45,-10,Limbic Lobe,Parahippocampal Gyrus,Brodmann area 19,0
-30,-40,-10,Limbic Lobe,Parahippocampal Gyrus,Brodmann area 37,0
-30,15,-10,Sub-lobar,Extra-Nuclear,Brodmann area 13,0
-30,20,-10,Frontal Lobe,Inferior Frontal Gyrus,Brodmann area 47,0
-30,30,-10,Frontal Lobe,Inferior Frontal Gyrus,Brodmann area 47,0
-30,35,-10,Frontal Lobe,Middle Frontal Gyrus,Brodmann area 11,0
-30,40,-10,Frontal Lobe,Middle Frontal Gyrus,Brodmann area 47,0
-30,45,-10,Frontal Lobe,Middle Frontal Gyrus,Brodmann area 11,0
-30,50,-10,Frontal Lobe,Middle Frontal Gyrus,Brodmann area 11,0
-30,55,-10,Frontal Lobe,Middle Frontal Gyrus,Brodmann area 10,0
-30,60,-10,Frontal Lobe,Superior Frontal Gyrus,Brodmann area 11,0
-25,-95,-10,Occipital Lobe,Lingual Gyrus,Brodmann area 18,0
-25,-75,-10,Occipital Lobe,Lingual Gyrus,Brodmann area 19,0
-25,-55,-10,Limbic Lobe,Parahippocampal Gyrus,Brodmann area 19,0
-25,-50,-10,Limbic Lobe,Parahippocampal Gyrus,Brodmann area 19,0
-25,-45,-10,Limbic Lobe,Parahippocampal Gyrus,Brodmann area 37,0
-25,-40,-10,Limbic Lobe,Parahippocampal Gyrus,Brodmann area 36,0
-25,-30,-10,Limbic Lobe,Parahippocampal Gyrus,Brodmann area 27,0
-25,-20,-10,Limbic Lobe,Parahippocampal Gyrus,Brodmann area 28,0
-25,20,-10,Sub-lobar,Extra-Nuclear,Brodmann area 13,0
-25,25,-10,Frontal Lobe,Inferior Frontal Gyrus,Brodmann area 47,0
-25,30,-10,Frontal Lobe,Inferior Frontal Gyrus,Brodmann area 47,0
-25,35,-10,Frontal Lobe,Inferior Frontal Gyrus,Brodmann area 47,0
-25,40,-10,Frontal Lobe,Middle Frontal Gyrus,Brodmann area 11,0
-25,45,-10,Frontal Lobe,Middle Frontal Gyrus,Brodmann area 11,0
-25,50,-10,Frontal Lobe,Middle Frontal Gyrus,Brodmann area 11,0
-25,55,-10,Frontal Lobe,Middle Frontal Gyrus,Brodmann area 10,0
-25,60,-10,Frontal Lobe,Superior Frontal Gyrus,Brodmann area 11,0
-20,-100,-10,Occipital Lobe,Lingual Gyrus,Brodmann area 18,0
-20,-80,-10,Occipital Lobe,Lingual Gyrus,Brodmann area 18,0
-20,-75,-10,Occipital Lobe,Lingual Gyrus,Brodmann area 18,0
-20,-70,-10,Occipital Lobe,Lingual Gyrus,Brodmann area 19,0
-20,-55,-10,Limbic Lobe,Parahippocampal Gyrus,Brodmann area 19,0
-20,-50,-10,Limbic Lobe,Parahippocampal Gyrus,Brodmann area 19,0
-20,-45,-10,Limbic Lobe,Parahippocampal Gyrus,Brodmann area 19,0
-20,-40,-10,Limbic Lobe,Parahippocampal Gyrus,Brodmann area 36,0
-20,-35,-10,Limbic Lobe,Parahippocampal Gyrus,Brodmann area 35,0
-20,-30,-10,Limbic Lobe,Parahippocampal Gyrus,Brodmann area 28,0
-20,-25,-10,Limbic Lobe,Parahippocampal Gyrus,Brodmann area 28,0
-20,30,-10,Frontal Lobe,Inferior Frontal Gyrus,Brodmann area 47,0
-20,55,-10,Frontal Lobe,Middle Frontal Gyrus,Brodmann area 10,0
-20,60,-10,Frontal Lobe,Superior Frontal Gyrus,Brodmann area 11,0
-20,65,-10,Frontal Lobe,Superior Frontal Gyrus,Brodmann area 11,0
-15,-80,-10,Occipital Lobe,Lingual Gyrus,Brodmann area 18,0
-15,-75,-10,Occipital Lobe,Lingual Gyrus,Brodmann area 18,0
-15,-70,-10,Occipital Lobe,Lingual Gyrus,Brodmann area 18,0
-15,-65,-10,Occipital Lobe,Lingual Gyrus,Brodmann area 19,0
-15,-60,-10,Occipital Lobe,*,Brodmann area 19,0
-15,-45,-10,Limbic Lobe,Sub-Gyral,Brodmann area 19,0
-15,-40,-10,Limbic Lobe,Parahippocampal Gyrus,Brodmann area 30,0
-15,-35,-10,Limbic Lobe,Parahippocampal Gyrus,Brodmann area 30,0
-15,60,-10,Frontal Lobe,Superior Frontal Gyrus,Brodmann area 11,0
-15,65,-10,Frontal Lobe,Superior Frontal Gyrus,Brodmann area 11,0
-10,-100,-10,Occipital Lobe,Lingual Gyrus,Brodmann area 18,0
-10,-80,-10,Occipital Lobe,Lingual Gyrus,Brodmann area 18,0
-10,-75,-10,Occipital Lobe,Lingual Gyrus,Brodmann area 18,0
-10,25,-10,Frontal Lobe,Subcallosal Gyrus,Brodmann area 11,3
-10,35,-10,Limbic Lobe,Anterior Cingulate,Brodmann area 32,0
-10,40,-10,Frontal Lobe,Medial Frontal Gyrus,Brodmann area 10,0
-10,55,-10,Frontal Lobe,Medial Frontal Gyrus,Brodmann area 10,0
-10,60,-10,Frontal Lobe,Superior Frontal Gyrus,Brodmann area 10,0
-10,65,-10,Frontal Lobe,Superior Frontal Gyrus,Brodmann area 11,0
-5,-95,-10,Occipital Lobe,Lingual Gyrus,Brodmann area 17,0
-5,-90,-10,Occipital Lobe,Lingual Gyrus,Brodmann area 17,0
-5,-85,-10,Occipital Lobe,Lingual Gyrus,Brodmann area 18,0
-5,-80,-10,Occipital Lobe,Lingual Gyrus,Brodmann area 18,0
-5,15,-10,Limbic Lobe,Anterior Cingulate,Brodmann area 25,3
-5,20,-10,Limbic Lobe,Anterior Cingulate,Brodmann area 32,3
-5,25,-10,Limbic Lobe,Anterior Cingulate,Brodmann area 32,3
-5,30,-10,Limbic Lobe,Anterior Cingulate,Brodmann area 32,0
-5,35,-10,Limbic Lobe,Anterior Cingulate,Brodmann area 32,0
-5,40,-10,Limbic Lobe,Anterior Cingulate,Brodmann area 32,0
-5,45,-10,Frontal Lobe,Medial Frontal Gyrus,Brodmann area 10,0
-5,50,-10,Frontal Lobe,Medial Frontal Gyrus,Brodmann area 11,0
-5,55,-10,Frontal Lobe,Medial Frontal Gyrus,Brodmann area 11,0
-5,60,-10,Frontal Lobe,Medial Frontal Gyrus,Brodmann area 11,0
-5,65,-10,Frontal Lobe,Superior Frontal Gyrus,Brodmann area 11,0
0,-90,-10,Occipital Lobe,Lingual Gyrus,Brodmann area 18,0
0,5,-10,Limbic Lobe,Anterior Cingulate,Brodmann area 25,0
0,10,-10,Limbic Lobe,Anterior Cingulate,Brodmann area 25,0
0,15,-10,Limbic Lobe,Anterior Cingulate,Brodmann area 25,3
5,-95,-10,Occipital Lobe,Lingual Gyrus,Brodmann area 17,0
5,-90,-10,Occipital Lobe,Lingual Gyrus,Brodmann area 17,0
5,-85,-10,Occipital Lobe,Lingual Gyrus,Brodmann area 18,0
5,-80,-10,Occipital Lobe,Lingual Gyrus,Brodmann area 18,0
5,10,-10,Limbic Lobe,Anterior Cingulate,Brodmann area 25,0
5,15,-10,Limbic Lobe,Anterior Cingulate,Brodmann area 25,0
5,20,-10,Limbic Lobe,Anterior Cingulate,Brodmann area 32,0
5,25,-10,Limbic Lobe,Anterior Cingulate,Brodmann area 32,0
5,30,-10,Limbic Lobe,Anterior Cingulate,Brodmann area 32,0
5,35,-10,Limbic Lobe,Anterior Cingulate,Brodmann area 32,0
5,40,-10,Limbic Lobe,Anterior Cingulate,Brodmann area 32,0
5,45,-10,Frontal Lobe,Medial Frontal Gyrus,Brodmann area 11,0
5,50,-10,Frontal Lobe,Medial Frontal Gyrus,Brodmann area 11,0
5,55,-10,Frontal Lobe,Medial Frontal Gyrus,Brodmann area 11,0
5,60,-10,Frontal Lobe,Medial Frontal Gyrus,Brodmann area 11,0
5,65,-10,Frontal Lobe,Superior Frontal Gyrus,Brodmann area 11,0
10,-100,-10,Occipital Lobe,Lingual Gyrus,Brodmann area 18,0
10,-80,-10,Occipital Lobe,Lingual Gyrus,Brodmann area 18,0
10,20,-10,Limbic Lobe,Anterior Cingulate,Brodmann area 32,0
10,25,-10,Frontal Lobe,Medial Frontal Gyrus,Brodmann area 11,0
10,35,-10,Limbic Lobe,Anterior Cingulate,Brodmann area 32,0
10,40,-10,Frontal Lobe,Medial Frontal Gyrus,Brodmann area 10,0
10,55,-10,Frontal Lobe,Medial Frontal Gyrus,Brodmann area 10,0
10,60,-10,Frontal Lobe,Superior Frontal Gyrus,Brodmann area 10,0
10,65,-10,Frontal Lobe,Superior Frontal Gyrus,Brodmann area 11,0
15,-100,-10,Occipital Lobe,Lingual Gyrus,Brodmann area 18,0
15,-80,-10,Occipital Lobe,Lingual Gyrus,Brodmann area 18,0
15,-75,-10,Occipital Lobe,Lingual Gyrus,Brodmann area 18,0
15,-70,-10,Occipital Lobe,Lingual Gyrus,Brodmann area 18,0
15,-65,-10,Occipital Lobe,Lingual Gyrus,Brodmann area 19,0
15,-60,-10,Occipital Lobe,*,Brodmann area 19,0
15,-40,-10,Limbic Lobe,Parahippocampal Gyrus,Brodmann area 30,0
15,-35,-10,Limbic Lobe,Parahippocampal Gyrus,Brodmann area 30,0
15,60,-10,Frontal Lobe,Superior Frontal Gyrus,Brodmann area 11,0
15,65,-10,Frontal Lobe,Superior Frontal Gyrus,Brodmann area 11,0
20,-100,-10,Occipital Lobe,Lingual Gyrus,Brodmann area 18,0
20,-80,-10,Occipital Lobe,Lingual Gyrus,Brodmann area 18,0
20,-75,-10,Occipital Lobe,Lingual Gyrus,Brodmann area 18,0
20,-70,-10,Occipital Lobe,Lingual Gyrus,Brodmann area 19,0
20,-55,-10,Limbic Lobe,Parahippocampal Gyrus,Brodmann area 19,0
20,-50,-10,Limbic Lobe,Parahippocampal Gyrus,Brodmann area 19,0
20,-45,-10,Limbic Lobe,Parahippocampal Gyrus,Brodmann area 19,0
20,-40,-10,Limbic Lobe,Parahippocampal Gyrus,Brodmann area 36,0
20,-35,-10,Limbic Lobe,Parahippocampal Gyrus,Brodmann area 35,0
20,-30,-10,Limbic Lobe,Parahippocampal Gyrus,Brodmann area 28,0
20,-25,-10,Limbic Lobe,Parahippocampal Gyrus,Brodmann area 28,0
20,60,-10,Frontal Lobe,Superior Frontal Gyrus,Brodmann area 11,0
20,65,-10,Frontal Lobe,Superior Frontal Gyrus,Brodmann area 11,0
25,-95,-10,Occipital Lobe,Lingual Gyrus,Brodmann area 18,0
25,-75,-10,Occipital Lobe,Lingual Gyrus,Brodmann area 19,0
25,-55,-10,Limbic Lobe,Parahippocampal Gyrus,Brodmann area 19,0
25,-50,-10,Limbic Lobe,Parahippocampal Gyrus,Brodmann area 19,0
25,-45,-10,Limbic Lobe,Parahippocampal Gyrus,Brodmann area 37,0
25,-40,-10,Limbic Lobe,Parahippocampal Gyrus,Brodmann area 36,0
25,-30,-10,Limbic Lobe,Parahippocampal Gyrus,Brodmann area 27,0
25,-20,-10,Limbic Lobe,Parahippocampal Gyrus,Brodmann area 28,0
25,25,-10,Frontal Lobe,Inferior Frontal Gyrus,Brodmann area 47,0
25,30,-10,Frontal Lobe,Inferior Frontal Gyrus,Brodmann area 47,0
25,35,-10,Frontal Lobe,Inferior Frontal Gyrus,Brodmann area 47,0
25,40,-10,Frontal Lobe,Middle Frontal Gyrus,Brodmann area 11,0
25,45,-10,Frontal Lobe,Middle Frontal Gyrus,Brodmann area 11,0
25,50,-10,Frontal Lobe,Middle Frontal Gyrus,Brodmann area 11,0
25,55,-10,Frontal Lobe,Middle Frontal Gyrus,Brodmann area 10,0
25,60,-10,Frontal Lobe,Superior Frontal Gyrus,Brodmann area 11,0
30,-95,-10,Occipital Lobe,Inferior Occipital Gyrus,Brodmann area 18,0
30,-50,-10,Limbic Lobe,Parahippocampal Gyrus,Brodmann area 19,0
30,-45,-10,Limbic Lobe,Parahippocampal Gyrus,Brodmann area 19,0
30,-40,-10,Limbic Lobe,Parahippocampal Gyrus,Brodmann area 36,0
30,15,-10,Sub-lobar,Extra-Nuclear,Brodmann area 13,0
30,20,-10,Frontal Lobe,Extra-Nuclear,Brodmann area 47,0
30,30,-10,Frontal Lobe,Inferior Frontal Gyrus,Brodmann area 47,0
30,35,-10,Frontal Lobe,Middle Frontal Gyrus,Brodmann area 11,0
30,40,-10,Frontal Lobe,Middle Frontal Gyrus,Brodmann area 11,0
30,45,-10,Frontal Lobe,Middle Frontal Gyrus,Brodmann area 11,0
30,50,-10,Frontal Lobe,Middle Frontal Gyrus,Brodmann area 11,0
30,55,-10,Frontal Lobe,Middle Frontal Gyrus,Brodmann area 10,0
30,60,-10,Frontal Lobe,Superior Frontal Gyrus,Brodmann area 11,0
35,-85,-10,Occipital Lobe,Inferior Occipital Gyrus,Brodmann area 18,0
35,-80,-10,Occipital Lobe,Inferior Occipital Gyrus,Brodmann area 19,0
35,-45,-10,Limbic Lobe,Parahippocampal Gyrus,Brodmann area 19,0
35,-40,-10,Limbic Lobe,Parahippocampal Gyrus,Brodmann area 37,0
35,15,-10,Sub-lobar,Extra-Nuclear,Brodmann area 13,0
35,20,-10,Frontal Lobe,Inferior Frontal Gyrus,Brodmann area 47,0
35,30,-10,Frontal Lobe,Inferior Frontal Gyrus,Brodmann area 47,0
35,35,-10,Frontal Lobe,Middle Frontal Gyrus,Brodmann area 11,0
35,40,-10,Frontal Lobe,Middle Frontal Gyrus,Brodmann area 11,0
35,55,-10,Frontal Lobe,Middle Frontal Gyrus,Brodmann area 11,0
35,60,-10,Frontal Lobe,Middle Frontal Gyrus,Brodmann area 10,0
40,-85,-10,Occipital Lobe,Inferior Occipital Gyrus,Brodmann area 19,0
40,-80,-10,Occipital Lobe,Inferior Occipital Gyrus,Brodmann area 19,0
40,-75,-10,Occipital Lobe,Inferior Occipital Gyrus,Brodmann area 19,0
40,-20,-10,Sub-lobar,Insula,Brodmann area 13,0
40,-15,-10,Temporal Lobe,Sub-Gyral,Brodmann area 21,0
40,-10,-10,Temporal Lobe,Sub-Gyral,Brodmann area 21,0
40,-5,-10,Temporal Lobe,Sub-Gyral,Brodmann area 21,0
40,5,-10,Sub-lobar,Extra-Nuclear,Brodmann area 13,0
40,10,-10,Sub-lobar,Extra-Nuclear,Brodmann area 13,0
40,15,-10,Frontal Lobe,Inferior Frontal Gyrus,Brodmann area 47,0
40,25,-10,Frontal Lobe,Inferior Frontal Gyrus,Brodmann area 47,0
40,30,-10,Frontal Lobe,Inferior Frontal Gyrus,Brodmann area 47,0
40,35,-10,Frontal Lobe,Middle Frontal Gyrus,Brodmann area 11,0
40,40,-10,Frontal Lobe,Middle Frontal Gyrus,Brodmann area 47,0
40,50,-10,Frontal Lobe,Middle Frontal Gyrus,Brodmann area 11,0
40,55,-10,Frontal Lobe,Middle Frontal Gyrus,Brodmann area 11,0
45,-85,-10,Occipital Lobe,Inferior Occipital Gyrus,Brodmann area 19,0
45,-80,-10,Occipital Lobe,Inferior Occipital Gyrus,Brodmann area 19,0
45,-75,-10,Occipital Lobe,Inferior Occipital Gyrus,Brodmann area 19,0
45,-20,-10,Temporal Lobe,Superior Temporal Gyrus,Brodmann area 22,0
45,-10,-10,Temporal Lobe,Sub-Gyral,Brodmann area 21,0
45,-5,-10,Temporal Lobe,Sub-Gyral,Brodmann area 21,0
45,0,-10,Temporal Lobe,Superior Temporal Gyrus,Brodmann area 13,0
45,5,-10,Temporal Lobe,Superior Temporal Gyrus,Brodmann area 38,0
45,10,-10,Temporal Lobe,Superior Temporal Gyrus,Brodmann area 38,0
45,15,-10,Frontal Lobe,Inferior Frontal Gyrus,Brodmann area 47,0
45,20,-10,Frontal Lobe,Inferior Frontal Gyrus,Brodmann area 47,0
45,25,-10,Frontal Lobe,Inferior Frontal Gyrus,Brodmann area 47,0
45,30,-10,Frontal Lobe,Inferior Frontal Gyrus,Brodmann area 47,0
45,35,-10,Frontal Lobe,Middle Frontal Gyrus,Brodmann area 11,0
45,40,-10,Frontal Lobe,Middle Frontal Gyrus,Brodmann area 47,0
45,45,-10,Frontal Lobe,Middle Frontal Gyrus,Brodmann area 11,0
45,50,-10,Frontal Lobe,Middle Frontal Gyrus,Brodmann area 11,0
50,-60,-10,Occipital Lobe,Middle Occipital Gyrus,Brodmann area 19,0
50,-55,-10,Temporal Lobe,Inferior Temporal Gyrus,Brodmann area 37,0
50,-50,-10,Temporal Lobe,Sub-Gyral,Brodmann area 37,0
50,-45,-10,Temporal Lobe,Sub-Gyral,Brodmann area 37,0
50,-5,-10,Temporal Lobe,Superior Temporal Gyrus,Brodmann area 21,0
50,0,-10,Temporal Lobe,Superior Temporal Gyrus,Brodmann area 38,0
50,15,-10,Temporal Lobe,Superior Temporal Gyrus,Brodmann area 38,0
50,20,-10,Frontal Lobe,Inferior Frontal Gyrus,Brodmann area 47,0
50,25,-10,Frontal Lobe,Inferior Frontal Gyrus,Brodmann area 47,0
50,30,-10,Frontal Lobe,Inferior Frontal Gyrus,Brodmann area 47,0
50,40,-10,Frontal Lobe,Inferior Frontal Gyrus,Brodmann area 47,0
50,45,-10,Frontal Lobe,Inferior Frontal Gyrus,Brodmann area 47,0
55,-65,-10,Occipital Lobe,Middle Occipital Gyrus,Brodmann area 19,0
55,-60,-10,Occipital Lobe,Middle Occipital Gyrus,Brodmann area 19,0
55,-55,-10,Temporal Lobe,Middle Temporal Gyrus,Brodmann area 37,0
55,-5,-10,Temporal Lobe,Superior Temporal Gyrus,Brodmann area 21,0
55,0,-10,Temporal Lobe,Superior Temporal Gyrus,Brodmann area 38,0
55,5,-10,Temporal Lobe,Superior Temporal Gyrus,Brodmann area 38,0
55,15,-10,Temporal Lobe,Superior Temporal Gyrus,Brodmann area 38,0
60,-60,-10,Temporal Lobe,Inferior Temporal Gyrus,Brodmann area 37,0
60,-55,-10,Temporal Lobe,Inferior Temporal Gyrus,Brodmann area 37,0
60,-50,-10,Temporal Lobe,Middle Temporal Gyrus,Brodmann area 37,0
60,-30,-10,Temporal Lobe,Middle Temporal Gyrus,Brodmann area 21,0
60,-25,-10,Temporal Lobe,Middle Temporal Gyrus,Brodmann area 21,0
60,-20,-10,Temporal Lobe,Middle Temporal Gyrus,Brodmann area 21,0
60,-15,-10,Temporal Lobe,Middle Temporal Gyrus,Brodmann area 21,0
60,0,-10,Temporal Lobe,Middle Temporal Gyrus,Brodmann area 21,0
60,5,-10,Temporal Lobe,Middle Temporal Gyrus,Brodmann area 21,0
65,-50,-10,Temporal Lobe,Middle Temporal Gyrus,Brodmann area 21,0
65,-45,-10,Temporal Lobe,Middle Temporal Gyrus,Brodmann area 21,0
65,-40,-10,Temporal Lobe,Middle Temporal Gyrus,Brodmann area 21,0
65,-35,-10,Temporal Lobe,Middle Temporal Gyrus,Brodmann area 21,0
65,-30,-10,Temporal Lobe,Middle Temporal Gyrus,Brodmann area 21,0
65,-25,-10,Temporal Lobe,Middle Temporal Gyrus,Brodmann area 21,0
65,-20,-10,Temporal Lobe,Middle Temporal Gyrus,Brodmann area 21,0
65,-15,-10,Temporal Lobe,Middle Temporal Gyrus,Brodmann area 21,0
65,-10,-10,Temporal Lobe,Middle Temporal Gyrus,Brodmann area 21,0
70,-35,-10,Temporal Lobe,Middle Temporal Gyrus,Brodmann area 21,0
70,-30,-10,Temporal Lobe,Middle Temporal Gyrus,Brodmann area 21,0
70,-25,-10,Temporal Lobe,Middle Temporal Gyrus,Brodmann area 21,0
70,-20,-10,Temporal Lobe,Middle Temporal Gyrus,Brodmann area 21,0
-65,-50,-5,Temporal Lobe,Middle Temporal Gyrus,Brodmann area 21,0
-65,-45,-5,Temporal Lobe,Middle Temporal Gyrus,Brodmann area 21,0
-65,-40,-5,Temporal Lobe,Middle Temporal Gyrus,Brodmann area 21,0
-65,-35,-5,Temporal Lobe,Middle Temporal Gyrus,Brodmann area 21,0
-65,-30,-5,Temporal Lobe,Middle Temporal Gyrus,Brodmann area 21,0
-65,-25,-5,Temporal Lobe,Middle Temporal Gyrus,Brodmann area 21,0
-65,-20,-5,Temporal Lobe,Middle Temporal Gyrus,Brodmann area 21,0
-65,-15,-5,Temporal Lobe,Middle Temporal Gyrus,Brodmann area 21,0
-60,-60,-5,Temporal Lobe,Middle Temporal Gyrus,Brodmann area 37,0
-60,-55,-5,Temporal Lobe,Middle Temporal Gyrus,Brodmann area 37,0
-60,-50,-5,Temporal Lobe,Middle Temporal Gyrus,Brodmann area 21,0
-60,-30,-5,Temporal Lobe,Middle Temporal Gyrus,Brodmann area 21,0
-60,-25,-5,Temporal Lobe,Middle Temporal Gyrus,Brodmann area 21,0
-60,-20,-5,Temporal Lobe,Middle Temporal Gyrus,Brodmann area 21,0
-60,-5,-5,Temporal Lobe,Middle Temporal Gyrus,Brodmann area 21,0
-60,0,-5,Temporal Lobe,Middle Temporal Gyrus,Brodmann area 21,0
-55,-70,-5,Temporal Lobe,Inferior Temporal Gyrus,Brodmann area 19,0
-55,-65,-5,Temporal Lobe,Middle Temporal Gyrus,Brodmann area 37,0
-55,-60,-5,Temporal Lobe,Middle Temporal Gyrus,Brodmann area 37,0
-55,-30,-5,Temporal Lobe,Middle Temporal Gyrus,Brodmann area 21,0
-55,-25,-5,Temporal Lobe,Superior Temporal Gyrus,Brodmann area 21,0
-55,-15,-5,Temporal Lobe,Superior Temporal Gyrus,Brodmann area 21,0
-55,-10,-5,Temporal Lobe,Middle Temporal Gyrus,Brodmann area 22,0
-55,-5,-5,Temporal Lobe,Superior Temporal Gyrus,Brodmann area 22,0
-55,0,-5,Temporal Lobe,Superior Temporal Gyrus,Brodmann area 22,0
-55,10,-5,Temporal Lobe,Superior Temporal Gyrus,Brodmann area 22,0
-55,30,-5,Frontal Lobe,Inferior Frontal Gyrus,Brodmann area 47,0
-50,-75,-5,Temporal Lobe,Inferior Temporal Gyrus,Brodmann area 19,0
-50,-70,-5,Occipital Lobe,Inferior Temporal Gyrus,Brodmann area 37,0
-50,-65,-5,Temporal Lobe,Inferior Temporal Gyrus,Brodmann area 19,0
-50,-60,-5,Temporal Lobe,Inferior Temporal Gyrus,Brodmann area 19,0
-50,-30,-5,Temporal Lobe,Middle Temporal Gyrus,Brodmann area 21,0
-50,-25,-5,Temporal Lobe,Superior Temporal Gyrus,Brodmann area 21,0
-50,5,-5,Temporal Lobe,Superior Temporal Gyrus,Brodmann area 22,0
-50,10,-5,Temporal Lobe,Superior Temporal Gyrus,Brodmann area 22,0
-50,15,-5,Temporal Lobe,Superior Temporal Gyrus,Brodmann area 22,0
-50,20,-5,Frontal Lobe,Inferior Frontal Gyrus,Brodmann area 47,0
-50,35,-5,Frontal Lobe,Inferior Frontal Gyrus,Brodmann area 47,0
-50,40,-5,Frontal Lobe,Middle Frontal Gyrus,Brodmann area 47,0
-45,-85,-5,Occipital Lobe,Middle Occipital Gyrus,Brodmann area 19,0
-45,-70,-5,Occipital Lobe,Inferior Temporal Gyrus,Brodmann area 37,0
-45,-65,-5,Occipital Lobe,Middle Temporal Gyrus,Brodmann area 37,0
-45,-60,-5,Temporal Lobe,Middle Temporal Gyrus,Brodmann area 37,0
-45,-25,-5,Temporal Lobe,Superior Temporal Gyrus,Brodmann area 22,0
-45,-20,-5,Temporal Lobe,Superior Temporal Gyrus,Brodmann area 22,0
-45,-15,-5,Temporal Lobe,Superior Temporal Gyrus,Brodmann area 22,0
-45,-10,-5,Temporal Lobe,Superior Temporal Gyrus,Brodmann area 22,0
-45,-5,-5,Temporal Lobe,Superior Temporal Gyrus,Brodmann area 22,0
-45,0,-5,Temporal Lobe,Superior Temporal Gyrus,Brodmann area 22,0
-45,5,-5,Temporal Lobe,Superior Temporal Gyrus,Brodmann area 22,0
-45,10,-5,Sub-lobar,Insula,Brodmann area 13,0
-45,15,-5,Frontal Lobe,Inferior Frontal Gyrus,Brodmann area 47,0
-45,40,-5,Frontal Lobe,Middle Frontal Gyrus,Brodmann area 47,0
-45,50,-5,Frontal Lobe,Middle Frontal Gyrus,Brodmann area 10,0
-40,-90,-5,Occipital Lobe,Inferior Occipital Gyrus,Brodmann area 18,0
-40,-85,-5,Occipital Lobe,Inferior Occipital Gyrus,Brodmann area 18,0
-40,-25,-5,Sub-lobar,Insula,Brodmann area 13,0
-40,-20,-5,Sub-lobar,Insula,Brodmann area 13,0
-40,-15,-5,Sub-lobar,Insula,Brodmann area 13,0
-40,-10,-5,Sub-lobar,Insula,Brodmann area 13,0
-40,-5,-5,Sub-lobar,Insula,Brodmann area 13,0
-40,0,-5,Sub-lobar,Insula,Brodmann area 13,0
-40,5,-5,Sub-lobar,Insula,Brodmann area 13,0
-40,10,-5,Sub-lobar,Insula,Brodmann area 13,0
-40,15,-5,Frontal Lobe,Inferior Frontal Gyrus,Brodmann area 47,0
-40,40,-5,Frontal Lobe,Middle Frontal Gyrus,Brodmann area 47,0
-40,55,-5,Frontal Lobe,Middle Frontal Gyrus,Brodmann area 10,0
-35,-90,-5,Occipital Lobe,Middle Occipital Gyrus,Brodmann area 18,0
-35,-85,-5,Occipital Lobe,Middle Occipital Gyrus,Brodmann area 18,0
-35,-45,-5,Limbic Lobe,Parahippocampal Gyrus,Brodmann area 19,0
-35,15,-5,Sub-lobar,Insula,Brodmann area 13,0
-35,20,-5,Frontal Lobe,Inferior Frontal Gyrus,Brodmann area 47,0
-35,30,-5,Frontal Lobe,Inferior Frontal Gyrus,Brodmann area 47,0
-35,55,-5,Frontal Lobe,Middle Frontal Gyrus,Brodmann area 10,0
-35,60,-5,Frontal Lobe,Middle Frontal Gyrus,Brodmann area 10,0
-30,-95,-5,Occipital Lobe,Middle Occipital Gyrus,Brodmann area 18,0
-30,-85,-5,Occipital Lobe,Middle Occipital Gyrus,Brodmann area 18,0
-30,-50,-5,Limbic Lobe,Parahippocampal Gyrus,Brodmann area 19,0
-30,-45,-5,Limbic Lobe,Parahippocampal Gyrus,Brodmann area 19,0
-30,15,-5,Sub-lobar,Insula,Brodmann area 13,0
-30,20,-5,Frontal Lobe,Inferior Frontal Gyrus,Brodmann area 47,0
-30,30,-5,Frontal Lobe,Inferior Frontal Gyrus,Brodmann area 47,0
-30,40,-5,Frontal Lobe,Middle Frontal Gyrus,Brodmann area 11,0
-30,50,-5,Frontal Lobe,Middle Frontal Gyrus,Brodmann area 10,0
-30,55,-5,Frontal Lobe,Middle Frontal Gyrus,Brodmann area 10,0
-30,60,-5,Frontal Lobe,Superior Frontal Gyrus,Brodmann area 10,0
-25,-95,-5,Occipital Lobe,Cuneus,Brodmann area 18,0
-25,-70,-5,Occipital Lobe,Lingual Gyrus,Brodmann area 19,0
-25,-65,-5,Occipital Lobe,Lingual Gyrus,Brodmann area 19,0
-25,-55,-5,Limbic Lobe,Parahippocampal Gyrus,Brodmann area 19,0
-25,-50,-5,Limbic Lobe,Parahippocampal Gyrus,Brodmann area 19,0
-25,-30,-5,Limbic Lobe,Parahippocampal Gyrus,Brodmann area 27,0
-25,30,-5,Frontal Lobe,Inferior Frontal Gyrus,Brodmann area 47,0
-25,35,-5,Frontal Lobe,Inferior Frontal Gyrus,Brodmann area 47,0
-25,40,-5,Frontal Lobe,Middle Frontal Gyrus,Brodmann area 11,0
-25,45,-5,Frontal Lobe,Middle Frontal Gyrus,Brodmann area 11,0
-25,50,-5,Frontal Lobe,Middle Frontal Gyrus,Brodmann area 10,0
-25,55,-5,Frontal Lobe,Middle Frontal Gyrus,Brodmann area 10,0
-25,60,-5,Frontal Lobe,Superior Frontal Gyrus,Brodmann area 10,0
-25,65,-5,Frontal Lobe,Superior Frontal Gyrus,Brodmann area 10,0
-20,-95,-5,Occipital Lobe,Lingual Gyrus,Brodmann area 17,0
-20,-70,-5,Occipital Lobe,Lingual Gyrus,Brodmann area 19,0
-20,-65,-5,Occipital Lobe,Lingual Gyrus,Brodmann area 19,0
-20,-55,-5,Limbic Lobe,Parahippocampal Gyrus,Brodmann area 19,0
-20,-50,-5,Limbic Lobe,Parahippocampal Gyrus,Brodmann area 19,0
-20,-45,-5,Limbic Lobe,Parahippocampal Gyrus,Brodmann area 19,0
-20,-35,-5,Limbic Lobe,Parahippocampal Gyrus,Brodmann area 27,0
-20,-30,-5,Limbic Lobe,Parahippocampal Gyrus,Brodmann area 27,0
-20,30,-5,Frontal Lobe,Inferior Frontal Gyrus,Brodmann area 47,0
-20,55,-5,Frontal Lobe,Middle Frontal Gyrus,Brodmann area 10,0
-20,65,-5,Frontal Lobe,Superior Frontal Gyrus,Brodmann area 10,0
-15,-95,-5,Occipital Lobe,Lingual Gyrus,Brodmann area 17,0
-15,-75,-5,Occipital Lobe,Lingual Gyrus,Brodmann area 18,0
-15,-70,-5,Occipital Lobe,Lingual Gyrus,Brodmann area 18,0
-15,-65,-5,Occipital Lobe,Lingual Gyrus,Brodmann area 18,0
-15,-60,-5,Occipital Lobe,Lingual Gyrus,Brodmann area 19,0
-15,-55,-5,Occipital Lobe,Lingual Gyrus,Brodmann area 19,0
-15,-50,-5,Occipital Lobe,Lingual Gyrus,Brodmann area 19,0
-15,-45,-5,Occipital Lobe,Lingual Gyrus,Brodmann area 19,0
-15,-40,-5,Limbic Lobe,Parahippocampal Gyrus,Brodmann area 30,0
-15,-35,-5,Limbic Lobe,Parahippocampal Gyrus,Brodmann area 27,0
-15,45,-5,Limbic Lobe,Anterior Cingulate,Brodmann area 32,0
-15,50,-5,Frontal Lobe,Medial Frontal Gyrus,Brodmann area 10,0
-15,65,-5,Frontal Lobe,Medial Frontal Gyrus,Brodmann area 10,0
-10,-100,-5,Occipital Lobe,Cuneus,Brodmann area 17,0
-10,-95,-5,Occipital Lobe,Lingual Gyrus,Brodmann area 17,0
-10,-80,-5,Occipital Lobe,Lingual Gyrus,Brodmann area 18,0
-10,-75,-5,Occipital Lobe,Lingual Gyrus,Brodmann area 18,0
-10,-70,-5,Occipital Lobe,Lingual Gyrus,Brodmann area 18,0
-10,-65,-5,Occipital Lobe,Lingual Gyrus,Brodmann area 19,0
-10,-60,-5,Occipital Lobe,Lingual Gyrus,Brodmann area 19,0
-10,-55,-5,Occipital Lobe,Lingual Gyrus,Brodmann area 19,0
-10,-45,-5,Limbic Lobe,Parahippocampal Gyrus,Brodmann area 30,0
-10,-40,-5,Limbic Lobe,Parahippocampal Gyrus,Brodmann area 30,0
-10,35,-5,Limbic Lobe,Anterior Cingulate,Brodmann area 32,0
-10,40,-5,Frontal Lobe,Medial Frontal Gyrus,Brodmann area 10,0
-10,45,-5,Limbic Lobe,Anterior Cingulate,Brodmann area 32,0
-10,50,-5,Frontal Lobe,Medial Frontal Gyrus,Brodmann area 10,0
-10,55,-5,Frontal Lobe,Medial Frontal Gyrus,Brodmann area 10,0
-10,60,-5,Frontal Lobe,Superior Frontal Gyrus,Brodmann area 10,0
-10,65,-5,Frontal Lobe,Superior Frontal Gyrus,Brodmann area 10,0
-5,-100,-5,Occipital Lobe,Cuneus,Brodmann area 17,0
-5,-95,-5,Occipital Lobe,Lingual Gyrus,Brodmann area 17,0
-5,-85,-5,Occipital Lobe,Lingual Gyrus,Brodmann area 18,0
-5,-70,-5,Occipital Lobe,Lingual Gyrus,Brodmann area 18,0
-5,20,-5,Limbic Lobe,Anterior Cingulate,Brodmann area 25,0
-5,25,-5,Limbic Lobe,Anterior Cingulate,Brodmann area 24,0
-5,30,-5,Limbic Lobe,Anterior Cingulate,Brodmann area 24,0
-5,35,-5,Limbic Lobe,Anterior Cingulate,Brodmann area 32,0
-5,40,-5,Limbic Lobe,Anterior Cingulate,Brodmann area 32,0
-5,45,-5,Limbic Lobe,Anterior Cingulate,Brodmann area 32,0
-5,50,-5,Frontal Lobe,Medial Frontal Gyrus,Brodmann area 10,0
-5,55,-5,Frontal Lobe,Medial Frontal Gyrus,Brodmann area 10,0
-5,60,-5,Frontal Lobe,Superior Frontal Gyrus,Brodmann area 10,0
-5,65,-5,Frontal Lobe,Superior Frontal Gyrus,Brodmann area 10,0
0,-100,-5,Occipital Lobe,Cuneus,Brodmann area 17,0
0,-95,-5,Occipital Lobe,Lingual Gyrus,Brodmann area 18,0
0,-90,-5,Occipital Lobe,Lingual Gyrus,Brodmann area 18,0
0,-85,-5,Occipital Lobe,Lingual Gyrus,Brodmann area 18,0
0,0,-5,Limbic Lobe,Anterior Cingulate,Brodmann area 25,0
0,5,-5,Limbic Lobe,Anterior Cingulate,Brodmann area 25,0
0,10,-5,Limbic Lobe,Anterior Cingulate,Brodmann area 25,0
5,-100,-5,Occipital Lobe,Cuneus,Brodmann area 17,0
5,-95,-5,Occipital Lobe,Lingual Gyrus,Brodmann area 17,0
5,-90,-5,Occipital Lobe,Lingual Gyrus,Brodmann area 18,0
5,-85,-5,Occipital Lobe,Lingual Gyrus,Brodmann area 18,0
5,-70,-5,Occipital Lobe,Lingual Gyrus,Brodmann area 18,0
5,5,-5,Limbic Lobe,Anterior Cingulate,Brodmann area 25,0
5,20,-5,Limbic Lobe,Anterior Cingulate,Brodmann area 25,0
5,25,-5,Limbic Lobe,Anterior Cingulate,Brodmann area 24,0
5,30,-5,Limbic Lobe,Anterior Cingulate,Brodmann area 24,0
5,35,-5,Limbic Lobe,Anterior Cingulate,Brodmann area 32,0
5,40,-5,Limbic Lobe,Anterior Cingulate,Brodmann area 32,0
5,45,-5,Limbic Lobe,Anterior Cingulate,Brodmann area 32,0
5,50,-5,Frontal Lobe,Medial Frontal Gyrus,Brodmann area 10,0
5,55,-5,Frontal Lobe,Medial Frontal Gyrus,Brodmann area 10,0
5,60,-5,Frontal Lobe,Superior Frontal Gyrus,Brodmann area 10,0
5,65,-5,Frontal Lobe,Medial Frontal Gyrus,Brodmann area 10,0
10,-100,-5,Occipital Lobe,Cuneus,Brodmann area 17,0
10,-95,-5,Occipital Lobe,Lingual Gyrus,Brodmann area 17,0
10,-80,-5,Occipital Lobe,Lingual Gyrus,Brodmann area 18,0
10,-75,-5,Occipital Lobe,Lingual Gyrus,Brodmann area 18,0
10,-70,-5,Occipital Lobe,Lingual Gyrus,Brodmann area 18,0
10,-65,-5,Occipital Lobe,Lingual Gyrus,Brodmann area 19,0
10,-60,-5,Occipital Lobe,Lingual Gyrus,Brodmann area 19,0
10,-40,-5,Limbic Lobe,Parahippocampal Gyrus,Brodmann area 30,0
10,-35,-5,Limbic Lobe,Parahippocampal Gyrus,Brodmann area 27,0
10,35,-5,Limbic Lobe,Anterior Cingulate,Brodmann area 32,0
10,40,-5,Frontal Lobe,Medial Frontal Gyrus,Brodmann area 10,0
10,45,-5,Limbic Lobe,Anterior Cingulate,Brodmann area 32,0
10,50,-5,Frontal Lobe,Medial Frontal Gyrus,Brodmann area 10,0
10,55,-5,Frontal Lobe,Medial Frontal Gyrus,Brodmann area 10,0
10,60,-5,Frontal Lobe,Superior Frontal Gyrus,Brodmann area 10,0
10,65,-5,Frontal Lobe,Superior Frontal Gyrus,Brodmann area 10,0
15,-95,-5,Occipital Lobe,Lingual Gyrus,Brodmann area 17,0
15,-75,-5,Occipital Lobe,Lingual Gyrus,Brodmann area 18,0
15,-70,-5,Occipital Lobe,Lingual Gyrus,Brodmann area 18,0
15,-65,-5,Occipital Lobe,Lingual Gyrus,Brodmann area 18,0
15,-60,-5,Occipital Lobe,Lingual Gyrus,Brodmann area 19,0
15,-55,-5,Occipital Lobe,Lingual Gyrus,Brodmann area 19,0
15,-50,-5,Occipital Lobe,Lingual Gyrus,Brodmann area 19,0
15,-45,-5,Occipital Lobe,Lingual Gyrus,Brodmann area 19,0
15,-40,-5,Limbic Lobe,Parahippocampal Gyrus,Brodmann area 30,0
15,-35,-5,Limbic Lobe,Parahippocampal Gyrus,Brodmann area 27,0
15,45,-5,Limbic Lobe,Anterior Cingulate,Brodmann area 32,0
15,50,-5,Frontal Lobe,Medial Frontal Gyrus,Brodmann area 10,0
15,65,-5,Frontal Lobe,Medial Frontal Gyrus,Brodmann area 10,0
20,-95,-5,Occipital Lobe,Lingual Gyrus,Brodmann area 17,0
20,-70,-5,Occipital Lobe,Lingual Gyrus,Brodmann area 19,0
20,-65,-5,Occipital Lobe,Lingual Gyrus,Brodmann area 19,0
20,-60,-5,Occipital Lobe,Lingual Gyrus,Brodmann area 19,0
20,-55,-5,Limbic Lobe,Parahippocampal Gyrus,Brodmann area 19,0
20,-50,-5,Limbic Lobe,Parahippocampal Gyrus,Brodmann area 19,0
20,-45,-5,Limbic Lobe,Parahippocampal Gyrus,Brodmann area 19,0
20,-35,-5,Limbic Lobe,Parahippocampal Gyrus,Brodmann area 27,0
20,-30,-5,Limbic Lobe,Parahippocampal Gyrus,Brodmann area 27,0
20,45,-5,Frontal Lobe,Medial Frontal Gyrus,Brodmann area 10,0
20,65,-5,Frontal Lobe,Superior Frontal Gyrus,Brodmann area 10,0
25,-95,-5,Occipital Lobe,Cuneus,Brodmann area 18,0
25,-70,-5,Occipital Lobe,Lingual Gyrus,Brodmann area 19,0
25,-65,-5,Occipital Lobe,Lingual Gyrus,Brodmann area 19,0
25,-55,-5,Limbic Lobe,Parahippocampal Gyrus,Brodmann area 19,0
25,-50,-5,Limbic Lobe,Parahippocampal Gyrus,Brodmann area 19,0
25,-35,-5,Limbic Lobe,Parahippocampal Gyrus,Brodmann area 27,0
25,-30,-5,Limbic Lobe,Parahippocampal Gyrus,Brodmann area 27,0
25,30,-5,Frontal Lobe,Inferior Frontal Gyrus,Brodmann area 47,0
25,35,-5,Frontal Lobe,Inferior Frontal Gyrus,Brodmann area 47,0
25,40,-5,Frontal Lobe,Middle Frontal Gyrus,Brodmann area 11,0
25,45,-5,Frontal Lobe,Middle Frontal Gyrus,Brodmann area 11,0
25,50,-5,Frontal Lobe,Superior Frontal Gyrus,Brodmann area 10,0
25,55,-5,Frontal Lobe,Middle Frontal Gyrus,Brodmann area 10,0
25,60,-5,Frontal Lobe,Superior Frontal Gyrus,Brodmann area 10,0
25,65,-5,Frontal Lobe,Superior Frontal Gyrus,Brodmann area 10,0
30,-95,-5,Occipital Lobe,Middle Occipital Gyrus,Brodmann area 18,0
30,-85,-5,Occipital Lobe,Middle Occipital Gyrus,Brodmann area 18,0
30,-50,-5,Limbic Lobe,Parahippocampal Gyrus,Brodmann area 19,0
30,-45,-5,Limbic Lobe,Parahippocampal Gyrus,Brodmann area 19,0
30,20,-5,Sub-lobar,Insula,Brodmann area 47,0
30,30,-5,Frontal Lobe,Inferior Frontal Gyrus,Brodmann area 47,0
30,40,-5,Frontal Lobe,Middle Frontal Gyrus,Brodmann area 11,0
30,50,-5,Frontal Lobe,Middle Frontal Gyrus,Brodmann area 10,0
30,55,-5,Frontal Lobe,Middle Frontal Gyrus,Brodmann area 10,0
30,60,-5,Frontal Lobe,Superior Frontal Gyrus,Brodmann area 10,0
35,-90,-5,Occipital Lobe,Middle Occipital Gyrus,Brodmann area 18,0
35,-85,-5,Occipital Lobe,Middle Occipital Gyrus,Brodmann area 18,0
35,-45,-5,Limbic Lobe,Parahippocampal Gyrus,Brodmann area 19,0
35,15,-5,Sub-lobar,Insula,Brodmann area 13,0
35,20,-5,Frontal Lobe,Inferior Frontal Gyrus,Brodmann area 47,0
35,30,-5,Frontal Lobe,Inferior Frontal Gyrus,Brodmann area 47,0
35,55,-5,Frontal Lobe,Middle Frontal Gyrus,Brodmann area 10,0
35,60,-5,Frontal Lobe,Middle Frontal Gyrus,Brodmann area 10,0
40,-25,-5,Sub-lobar,Insula,Brodmann area 13,0
40,-20,-5,Sub-lobar,Insula,Brodmann area 13,0
40,-15,-5,Sub-lobar,Insula,Brodmann area 13,0
40,-5,-5,Sub-lobar,Insula,Brodmann area 13,0
40,0,-5,Sub-lobar,Insula,Brodmann area 13,0
40,5,-5,Sub-lobar,Insula,Brodmann area 13,0
40,10,-5,Sub-lobar,Insula,Brodmann area 13,0
40,15,-5,Sub-lobar,Insula,Brodmann area 47,0
40,30,-5,Frontal Lobe,Inferior Frontal Gyrus,Brodmann area 47,0
40,40,-5,Frontal Lobe,Middle Frontal Gyrus,Brodmann area 47,0
40,55,-5,Frontal Lobe,Middle Frontal Gyrus,Brodmann area 10,0
45,-85,-5,Occipital Lobe,Middle Occipital Gyrus,Brodmann area 19,0
45,-70,-5,Occipital Lobe,Inferior Temporal Gyrus,Brodmann area 37,0
45,-65,-5,Occipital Lobe,Middle Temporal Gyrus,Brodmann area 37,0
45,-60,-5,Temporal Lobe,Middle Temporal Gyrus,Brodmann area 37,0
45,-25,-5,Temporal Lobe,Superior Temporal Gyrus,Brodmann area 22,0
45,-20,-5,Temporal Lobe,Superior Temporal Gyrus,Brodmann area 22,0
45,-15,-5,Temporal Lobe,Superior Temporal Gyrus,Brodmann area 22,0
45,-10,-5,Sub-lobar,Insula,Brodmann area 22,0
45,-5,-5,Sub-lobar,Insula,Brodmann area 22,0
45,0,-5,Temporal Lobe,Superior Temporal Gyrus,Brodmann area 22,0
45,5,-5,Sub-lobar,Insula,Brodmann area 13,0
45,10,-5,Sub-lobar,Insula,Brodmann area 13,0
45,15,-5,Frontal Lobe,Inferior Frontal Gyrus,Brodmann area 47,0
45,30,-5,Frontal Lobe,Inferior Frontal Gyrus,Brodmann area 47,0
45,40,-5,Frontal Lobe,Middle Frontal Gyrus,Brodmann area 47,0
45,50,-5,Frontal Lobe,Middle Frontal Gyrus,Brodmann area 10,0
45,55,-5,Frontal Lobe,Middle Frontal Gyrus,Brodmann area 10,0
50,-80,-5,Occipital Lobe,Inferior Occipital Gyrus,Brodmann area 18,0
50,-75,-5,Temporal Lobe,Inferior Temporal Gyrus,Brodmann area 19,0
50,-70,-5,Occipital Lobe,Inferior Temporal Gyrus,Brodmann area 37,0
50,-65,-5,Temporal Lobe,Inferior Temporal Gyrus,Brodmann area 19,0
50,-60,-5,Temporal Lobe,Inferior Temporal Gyrus,Brodmann area 19,0
50,-30,-5,Temporal Lobe,Middle Temporal Gyrus,Brodmann area 21,0
50,-25,-5,Temporal Lobe,Superior Temporal Gyrus,Brodmann area 21,0
50,-15,-5,Temporal Lobe,Superior Temporal Gyrus,Brodmann area 22,0
50,5,-5,Temporal Lobe,Superior Temporal Gyrus,Brodmann area 22,0
50,10,-5,Temporal Lobe,Superior Temporal Gyrus,Brodmann area 22,0
50,15,-5,Temporal Lobe,Superior Temporal Gyrus,Brodmann area 22,0
50,20,-5,Frontal Lobe,Inferior Frontal Gyrus,Brodmann area 47,0
50,35,-5,Frontal Lobe,Inferior Frontal Gyrus,Brodmann area 47,0
50,40,-5,Frontal Lobe,Middle Frontal Gyrus,Brodmann area 47,0
55,-65,-5,Temporal Lobe,Inferior Temporal Gyrus,Brodmann area 19,0
55,-60,-5,Temporal Lobe,Middle Temporal Gyrus,Brodmann area 37,0
55,-30,-5,Temporal Lobe,Middle Temporal Gyrus,Brodmann area 21,0
55,-25,-5,Temporal Lobe,Superior Temporal Gyrus,Brodmann area 21,0
55,-15,-5,Temporal Lobe,Superior Temporal Gyrus,Brodmann area 22,0
55,-10,-5,Temporal Lobe,Superior Temporal Gyrus,Brodmann area 22,0
55,-5,-5,Temporal Lobe,Superior Temporal Gyrus,Brodmann area 22,0
55,0,-5,Temporal Lobe,Superior Temporal Gyrus,Brodmann area 22,0
55,10,-5,Temporal Lobe,Superior Temporal Gyrus,Brodmann area 22,0
55,15,-5,Temporal Lobe,Superior Temporal Gyrus,Brodmann area 22,0
55,20,-5,Frontal Lobe,Inferior Frontal Gyrus,Brodmann area 47,0
60,-60,-5,Temporal Lobe,Middle Temporal Gyrus,Brodmann area 37,0
60,-55,-5,Temporal Lobe,Middle Temporal Gyrus,Brodmann area 37,0
60,-50,-5,Temporal Lobe,Middle Temporal Gyrus,Brodmann area 21,0
60,-30,-5,Temporal Lobe,Middle Temporal Gyrus,Brodmann area 21,0
60,-25,-5,Temporal Lobe,Middle Temporal Gyrus,Brodmann area 21,0
60,-20,-5,Temporal Lobe,Middle Temporal Gyrus,Brodmann area 21,0
60,-5,-5,Temporal Lobe,Middle Temporal Gyrus,Brodmann area 21,0
60,0,-5,Temporal Lobe,Superior Temporal Gyrus,Brodmann area 22,0
60,5,-5,Temporal Lobe,Superior Temporal Gyrus,Brodmann area 22,0
60,10,-5,Temporal Lobe,Superior Temporal Gyrus,Brodmann area 22,0
65,-50,-5,Temporal Lobe,Middle Temporal Gyrus,Brodmann area 21,0
65,-45,-5,Temporal Lobe,Middle Temporal Gyrus,Brodmann area 21,0
65,-40,-5,Temporal Lobe,Middle Temporal Gyrus,Brodmann area 21,0
65,-35,-5,Temporal Lobe,Middle Temporal Gyrus,Brodmann area 21,0
65,-30,-5,Temporal Lobe,Middle Temporal Gyrus,Brodmann area 21,0
65,-25,-5,Temporal Lobe,Middle Temporal Gyrus,Brodmann area 21,0
65,-20,-5,Temporal Lobe,Middle Temporal Gyrus,Brodmann area 21,0
65,-15,-5,Temporal Lobe,Middle Temporal Gyrus,Brodmann area 21,0
65,-10,-5,Temporal Lobe,Middle Temporal Gyrus,Brodmann area 21,0
65,-5,-5,Temporal Lobe,Middle Temporal Gyrus,Brodmann area 21,0
70,-35,-5,Temporal Lobe,Middle Temporal Gyrus,Brodmann area 21,0
70,-25,-5,Temporal Lobe,Middle Temporal Gyrus,Brodmann area 21,0
-65,-50,0,Temporal Lobe,Middle Temporal Gyrus,Brodmann area 21,0
-65,-45,0,Temporal Lobe,Middle Temporal Gyrus,Brodmann area 21,0
-65,-40,0,Temporal Lobe,Middle Temporal Gyrus,Brodmann area 21,0
-65,-35,0,Temporal Lobe,Middle Temporal Gyrus,Brodmann area 22,0
-65,-30,0,Temporal Lobe,Middle Temporal Gyrus,Brodmann area 21,0
-65,-25,0,Temporal Lobe,Superior Temporal Gyrus,Brodmann area 22,0
-65,-20,0,Temporal Lobe,Superior Temporal Gyrus,Brodmann area 22,0
-60,-60,0,Temporal Lobe,Middle Temporal Gyrus,Brodmann area 21,0
-60,-55,0,Temporal Lobe,Middle Temporal Gyrus,Brodmann area 21,0
-60,-50,0,Temporal Lobe,Middle Temporal Gyrus,Brodmann area 22,0
-60,-45,0,Temporal Lobe,Middle Temporal Gyrus,Brodmann area 22,0
-60,-40,0,Temporal Lobe,Middle Temporal Gyrus,Brodmann area 21,0
-60,-35,0,Temporal Lobe,Middle Temporal Gyrus,Brodmann area 22,0
-60,-30,0,Temporal Lobe,Middle Temporal Gyrus,Brodmann area 21,0
-60,-25,0,Temporal Lobe,Superior Temporal Gyrus,Brodmann area 22,0
-60,-15,0,Temporal Lobe,Superior Temporal Gyrus,Brodmann area 22,0
-60,-10,0,Temporal Lobe,Superior Temporal Gyrus,Brodmann area 22,0
-60,-5,0,Temporal Lobe,Superior Temporal Gyrus,Brodmann area 22,0
-60,0,0,Temporal Lobe,Superior Temporal Gyrus,Brodmann area 22,0
-60,5,0,Temporal Lobe,Superior Temporal Gyrus,Brodmann area 22,0
-55,-75,0,Occipital Lobe,Middle Occipital Gyrus,Brodmann area 37,0
-55,-70,0,Occipital Lobe,Middle Occipital Gyrus,Brodmann area 37,0
-55,-65,0,Temporal Lobe,Middle Temporal Gyrus,Brodmann area 37,0
-55,-45,0,Temporal Lobe,Middle Temporal Gyrus,Brodmann area 22,0
-55,-40,0,Temporal Lobe,Middle Temporal Gyrus,Brodmann area 22,0
-55,-35,0,Temporal Lobe,Middle Temporal Gyrus,Brodmann area 22,0
-55,-30,0,Temporal Lobe,Middle Temporal Gyrus,Brodmann area 21,0
-55,-25,0,Temporal Lobe,Superior Temporal Gyrus,Brodmann area 22,0
-55,-10,0,Temporal Lobe,Superior Temporal Gyrus,Brodmann area 22,0
-55,5,0,Temporal Lobe,Superior Temporal Gyrus,Brodmann area 22,0
-55,10,0,Temporal Lobe,Superior Temporal Gyrus,Brodmann area 22,0
-55,20,0,Frontal Lobe,Inferior Frontal Gyrus,Brodmann area 47,0
-55,25,0,Frontal Lobe,Inferior Frontal Gyrus,Brodmann area 47,0
-55,35,0,Frontal Lobe,Inferior Frontal Gyrus,Brodmann area 47,0
-50,-80,0,Occipital Lobe,Middle Occipital Gyrus,Brodmann area 19,0
-50,-70,0,Occipital Lobe,Middle Occipital Gyrus,Brodmann area 37,0
-50,-65,0,Temporal Lobe,Middle Temporal Gyrus,Brodmann area 37,0
-50,-60,0,Temporal Lobe,Middle Temporal Gyrus,Brodmann area 37,0
-50,-35,0,Temporal Lobe,Middle Temporal Gyrus,Brodmann area 22,0
-50,-30,0,Temporal Lobe,Middle Temporal Gyrus,Brodmann area 22,0
-50,0,0,Temporal Lobe,Superior Temporal Gyrus,Brodmann area 22,0
-50,5,0,Temporal Lobe,Superior Temporal Gyrus,Brodmann area 22,0
-50,10,0,Temporal Lobe,Superior Temporal Gyrus,Brodmann area 22,0
-50,15,0,Frontal Lobe,Inferior Frontal Gyrus,Brodmann area 47,0
-50,20,0,Frontal Lobe,Inferior Frontal Gyrus,Brodmann area 47,0
-50,25,0,Frontal Lobe,Inferior Frontal Gyrus,Brodmann area 47,0
-50,35,0,Frontal Lobe,Inferior Frontal Gyrus,Brodmann area 47,0
-50,40,0,Frontal Lobe,Middle Frontal Gyrus,Brodmann area 47,0
-45,-85,0,Occipital Lobe,Middle Occipital Gyrus,Brodmann area 19,0
-45,-70,0,Occipital Lobe,Middle Occipital Gyrus,Brodmann area 37,0
-45,-65,0,Temporal Lobe,Middle Temporal Gyrus,Brodmann area 37,0
-45,-60,0,Temporal Lobe,Middle Temporal Gyrus,Brodmann area 37,0
-45,-20,0,Temporal Lobe,Superior Temporal Gyrus,Brodmann area 22,0
-45,-15,0,Sub-lobar,Insula,Brodmann area 13,0
-45,-5,0,Sub-lobar,Insula,Brodmann area 13,0
-45,5,0,Sub-lobar,Insula,Brodmann area 13,0
-45,20,0,Frontal Lobe,Inferior Frontal Gyrus,Brodmann area 47,0
-45,45,0,Frontal Lobe,Inferior Frontal Gyrus,Brodmann area 10,0
-45,50,0,Frontal Lobe,Inferior Frontal Gyrus,Brodmann area 10,0
-40,-90,0,Occipital Lobe,Middle Occipital Gyrus,Brodmann area 18,0
-40,-70,0,Occipital Lobe,Middle Occipital Gyrus,Brodmann area 37,0
-40,-65,0,Occipital Lobe,Middle Occipital Gyrus,Brodmann area 37,0
-40,-5,0,Sub-lobar,Insula,Brodmann area 13,0
-40,0,0,Sub-lobar,Insula,Brodmann area 13,0
-40,10,0,Sub-lobar,Insula,Brodmann area 13,0
-40,15,0,Sub-lobar,Insula,Brodmann area 13,0
-40,20,0,Frontal Lobe,Inferior Frontal Gyrus,Brodmann area 47,0
-40,25,0,Frontal Lobe,Inferior Frontal Gyrus,Brodmann area 47,0
-40,45,0,Frontal Lobe,Sub-Gyral,Brodmann area 10,0
-40,55,0,Frontal Lobe,Middle Frontal Gyrus,Brodmann area 10,0
-35,-90,0,Occipital Lobe,Middle Occipital Gyrus,Brodmann area 18,0
-35,15,0,Sub-lobar,Insula,Brodmann area 13,0
-35,20,0,Sub-lobar,Extra-Nuclear,Brodmann area 47,0
-35,25,0,Frontal Lobe,Inferior Frontal Gyrus,Brodmann area 47,0
-35,55,0,Frontal Lobe,Middle Frontal Gyrus,Brodmann area 10,0
-30,-95,0,Occipital Lobe,Middle Occipital Gyrus,Brodmann area 18,0
-30,-90,0,Occipital Lobe,Middle Occipital Gyrus,Brodmann area 18,0
-30,-85,0,Occipital Lobe,Middle Occipital Gyrus,Brodmann area 18,0
-30,25,0,Sub-lobar,Insula,Brodmann area 13,0
-30,50,0,Frontal Lobe,Middle Frontal Gyrus,Brodmann area 10,0
-30,55,0,Frontal Lobe,Superior Frontal Gyrus,Brodmann area 10,0
-30,60,0,Frontal Lobe,Superior Frontal Gyrus,Brodmann area 10,0
-25,-95,0,Occipital Lobe,Middle Occipital Gyrus,Brodmann area 18,0
-25,-70,0,Occipital Lobe,Lingual Gyrus,Brodmann area 19,0
-25,-65,0,Occipital Lobe,Lingual Gyrus,Brodmann area 19,0
-25,-55,0,Limbic Lobe,Parahippocampal Gyrus,Brodmann area 30,0
-25,50,0,Frontal Lobe,Middle Frontal Gyrus,Brodmann area 10,0
-25,55,0,Frontal Lobe,Superior Frontal Gyrus,Brodmann area 10,0
-25,60,0,Frontal Lobe,Superior Frontal Gyrus,Brodmann area 10,0
-20,-100,0,Occipital Lobe,Middle Occipital Gyrus,Brodmann area 18,0
-20,-85,0,Occipital Lobe,Lingual Gyrus,Brodmann area 17,0
-20,-70,0,Occipital Lobe,Lingual Gyrus,Brodmann area 19,0
-20,-65,0,Occipital Lobe,Lingual Gyrus,Brodmann area 19,0
-20,-55,0,Occipital Lobe,Lingual Gyrus,Brodmann area 18,0
-20,50,0,Frontal Lobe,Superior Frontal Gyrus,Brodmann area 10,0
-20,60,0,Frontal Lobe,Superior Frontal Gyrus,Brodmann area 10,0
-20,65,0,Frontal Lobe,Superior Frontal Gyrus,Brodmann area 10,0
-15,-100,0,Occipital Lobe,Cuneus,Brodmann area 18,0
-15,-95,0,Occipital Lobe,Cuneus,Brodmann area 17,0
-15,-90,0,Occipital Lobe,Lingual Gyrus,Brodmann area 17,0
-15,-85,0,Occipital Lobe,Lingual Gyrus,Brodmann area 17,0
-15,-80,0,Occipital Lobe,Lingual Gyrus,Brodmann area 18,0
-15,-75,0,Occipital Lobe,Lingual Gyrus,Brodmann area 18,0
-15,-70,0,Occipital Lobe,Lingual Gyrus,Brodmann area 18,0
-15,-65,0,Occipital Lobe,Lingual Gyrus,Brodmann area 19,0
-15,-55,0,Occipital Lobe,Lingual Gyrus,Brodmann area 18,0
-15,-50,0,Occipital Lobe,Lingual Gyrus,Brodmann area 19,0
-15,-45,0,Limbic Lobe,Parahippocampal Gyrus,Brodmann area 30,0
-15,-35,0,Limbic Lobe,Parahippocampal Gyrus,Brodmann area 27,0
-15,45,0,Limbic Lobe,Anterior Cingulate,Brodmann area 32,0
-15,50,0,Frontal Lobe,Medial Frontal Gyrus,Brodmann area 10,0
-15,55,0,Frontal Lobe,Superior Frontal Gyrus,Brodmann area 10,0
-15,65,0,Frontal Lobe,Medial Frontal Gyrus,Brodmann area 10,0
-10,-100,0,Occipital Lobe,Cuneus,Brodmann area 17,0
-10,-95,0,Occipital Lobe,Cuneus,Brodmann area 17,0
-10,-90,0,Occipital Lobe,Lingual Gyrus,Brodmann area 17,0
-10,-80,0,Occipital Lobe,Lingual Gyrus,Brodmann area 18,0
-10,-75,0,Occipital Lobe,Lingual Gyrus,Brodmann area 18,0
-10,-70,0,Occipital Lobe,Lingual Gyrus,Brodmann area 18,0
-10,-65,0,Occipital Lobe,Lingual Gyrus,Brodmann area 18,0
-10,-60,0,Occipital Lobe,Lingual Gyrus,Brodmann area 18,0
-10,-55,0,Occipital Lobe,Lingual Gyrus,Brodmann area 18,0
-10,-50,0,Limbic Lobe,Parahippocampal Gyrus,Brodmann area 30,0
-10,-45,0,Limbic Lobe,Parahippocampal Gyrus,Brodmann area 30,0
-10,-40,0,Limbic Lobe,Parahippocampal Gyrus,Brodmann area 30,0
-10,-35,0,Limbic Lobe,Parahippocampal Gyrus,Brodmann area 27,0
-10,45,0,Limbic Lobe,Anterior Cingulate,Brodmann area 32,0
-10,50,0,Limbic Lobe,Anterior Cingulate,Brodmann area 10,0
-10,55,0,Frontal Lobe,Superior Frontal Gyrus,Brodmann area 10,0
-10,65,0,Frontal Lobe,Medial Frontal Gyrus,Brodmann area 10,0
-5,-100,0,Occipital Lobe,Cuneus,Brodmann area 18,0
-5,-95,0,Occipital Lobe,Cuneus,Brodmann area 17,0
-5,-90,0,Occipital Lobe,Lingual Gyrus,Brodmann area 17,0
-5,-80,0,Occipital Lobe,Lingual Gyrus,Brodmann area 18,0
-5,-75,0,Occipital Lobe,Lingual Gyrus,Brodmann area 18,0
-5,-70,0,Occipital Lobe,Lingual Gyrus,Brodmann area 18,0
-5,-65,0,Occipital Lobe,Lingual Gyrus,Brodmann area 18,0
-5,30,0,Limbic Lobe,Anterior Cingulate,Brodmann area 24,0
-5,35,0,Limbic Lobe,Anterior Cingulate,Brodmann area 32,0
-5,40,0,Limbic Lobe,Anterior Cingulate,Brodmann area 32,0
-5,45,0,Limbic Lobe,Anterior Cingulate,Brodmann area 32,0
-5,50,0,Limbic Lobe,Anterior Cingulate,Brodmann area 32,0
-5,55,0,Frontal Lobe,Medial Frontal Gyrus,Brodmann area 10,0
-5,60,0,Frontal Lobe,Superior Frontal Gyrus,Brodmann area 10,0
-5,65,0,Frontal Lobe,Medial Frontal Gyrus,Brodmann area 10,0
0,-100,0,Occipital Lobe,Cuneus,Brodmann area 18,0
0,-95,0,Occipital Lobe,Cuneus,Brodmann area 18,0
0,-90,0,Occipital Lobe,Lingual Gyrus,Brodmann area 17,0
0,-85,0,Occipital Lobe,Lingual Gyrus,Brodmann area 18,0
0,-80,0,Occipital Lobe,Lingual Gyrus,Brodmann area 18,0
0,45,0,Limbic Lobe,Anterior Cingulate,Brodmann area 32,0
0,50,0,Limbic Lobe,Anterior Cingulate,Brodmann area 32,0
5,-100,0,Occipital Lobe,Cuneus,Brodmann area 18,0
5,-95,0,Occipital Lobe,Cuneus,Brodmann area 17,0
5,-90,0,Occipital Lobe,Lingual Gyrus,Brodmann area 17,0
5,-85,0,Occipital Lobe,Lingual Gyrus,Brodmann area 18,0
5,-80,0,Occipital Lobe,Lingual Gyrus,Brodmann area 18,0
5,-75,0,Occipital Lobe,Lingual Gyrus,Brodmann area 18,0
5,-70,0,Occipital Lobe,Lingual Gyrus,Brodmann area 18,0
5,-65,0,Occipital Lobe,Lingual Gyrus,Brodmann area 18,0
5,30,0,Limbic Lobe,Anterior Cingulate,Brodmann area 24,0
5,35,0,Limbic Lobe,Anterior Cingulate,Brodmann area 32,0
5,40,0,Limbic Lobe,Anterior Cingulate,Brodmann area 32,0
5,45,0,Limbic Lobe,Anterior Cingulate,Brodmann area 32,0
5,50,0,Limbic Lobe,Anterior Cingulate,Brodmann area 32,0
5,55,0,Limbic Lobe,Anterior Cingulate,Brodmann area 10,0
5,60,0,Frontal Lobe,Medial Frontal Gyrus,Brodmann area 10,0
5,65,0,Frontal Lobe,Medial Frontal Gyrus,Brodmann area 10,0
10,-100,0,Occipital Lobe,Cuneus,Brodmann area 17,0
10,-95,0,Occipital Lobe,Cuneus,Brodmann area 17,0
10,-90,0,Occipital Lobe,Lingual Gyrus,Brodmann area 17,0
10,-75,0,Occipital Lobe,Lingual Gyrus,Brodmann area 18,0
10,-70,0,Occipital Lobe,Lingual Gyrus,Brodmann area 18,0
10,-65,0,Occipital Lobe,Lingual Gyrus,Brodmann area 18,0
10,-60,0,Occipital Lobe,Lingual Gyrus,Brodmann area 18,0
10,-55,0,Occipital Lobe,Lingual Gyrus,Brodmann area 18,0
10,-50,0,Limbic Lobe,Parahippocampal Gyrus,Brodmann area 30,0
10,-45,0,Limbic Lobe,Parahippocampal Gyrus,Brodmann area 30,0
10,-40,0,Limbic Lobe,Parahippocampal Gyrus,Brodmann area 30,0
10,-35,0,Limbic Lobe,Parahippocampal Gyrus,Brodmann area 27,0
10,45,0,Limbic Lobe,Anterior Cingulate,Brodmann area 32,0
10,50,0,Limbic Lobe,Anterior Cingulate,Brodmann area 10,0
10,55,0,Frontal Lobe,Superior Frontal Gyrus,Brodmann area 10,0
10,65,0,Frontal Lobe,Medial Frontal Gyrus,Brodmann area 10,0
15,-100,0,Occipital Lobe,Cuneus,Brodmann area 18,0
15,-95,0,Occipital Lobe,Cuneus,Brodmann area 17,0
15,-90,0,Occipital Lobe,Lingual Gyrus,Brodmann area 17,0
15,-85,0,Occipital Lobe,Lingual Gyrus,Brodmann area 17,0
15,-80,0,Occipital Lobe,Lingual Gyrus,Brodmann area 18,0
15,-75,0,Occipital Lobe,Lingual Gyrus,Brodmann area 18,0
15,-70,0,Occipital Lobe,Lingual Gyrus,Brodmann area 18,0
15,-65,0,Occipital Lobe,Lingual Gyrus,Brodmann area 19,0
15,-55,0,Occipital Lobe,Lingual Gyrus,Brodmann area 18,0
15,-50,0,Occipital Lobe,Lingual Gyrus,Brodmann area 19,0
15,-45,0,Limbic Lobe,Parahippocampal Gyrus,Brodmann area 30,0
15,-35,0,Limbic Lobe,Parahippocampal Gyrus,Brodmann area 27,0
15,45,0,Limbic Lobe,Anterior Cingulate,Brodmann area 32,0
15,50,0,Frontal Lobe,Medial Frontal Gyrus,Brodmann area 10,0
15,55,0,Frontal Lobe,Superior Frontal Gyrus,Brodmann area 10,0
15,65,0,Frontal Lobe,Medial Frontal Gyrus,Brodmann area 10,0
20,-100,0,Occipital Lobe,Middle Occipital Gyrus,Brodmann area 18,0
20,-85,0,Occipital Lobe,Lingual Gyrus,Brodmann area 17,0
20,-70,0,Occipital Lobe,Lingual Gyrus,Brodmann area 19,0
20,-65,0,Occipital Lobe,Lingual Gyrus,Brodmann area 19,0
20,-55,0,Occipital Lobe,Lingual Gyrus,Brodmann area 18,0
20,-50,0,Limbic Lobe,Parahippocampal Gyrus,Brodmann area 30,0
20,45,0,Frontal Lobe,Medial Frontal Gyrus,Brodmann area 10,0
20,50,0,Frontal Lobe,Superior Frontal Gyrus,Brodmann area 10,0
20,60,0,Frontal Lobe,Superior Frontal Gyrus,Brodmann area 10,0
20,65,0,Frontal Lobe,Medial Frontal Gyrus,Brodmann area 10,0
25,-95,0,Occipital Lobe,Middle Occipital Gyrus,Brodmann area 18,0
25,-70,0,Occipital Lobe,Lingual Gyrus,Brodmann area 19,0
25,-65,0,Occipital Lobe,Lingual Gyrus,Brodmann area 19,0
25,-55,0,Limbic Lobe,Parahippocampal Gyrus,Brodmann area 30,0
25,50,0,Frontal Lobe,Superior Frontal Gyrus,Brodmann area 10,0
25,55,0,Frontal Lobe,Superior Frontal Gyrus,Brodmann area 10,0
25,60,0,Frontal Lobe,Superior Frontal Gyrus,Brodmann area 10,0
25,65,0,Frontal Lobe,Superior Frontal Gyrus,Brodmann area 10,0
30,-95,0,Occipital Lobe,Middle Occipital Gyrus,Brodmann area 18,0
30,-90,0,Occipital Lobe,Middle Occipital Gyrus,Brodmann area 18,0
30,-85,0,Occipital Lobe,Middle Occipital Gyrus,Brodmann area 18,0
30,25,0,Sub-lobar,Insula,Brodmann area 13,0
30,50,0,Frontal Lobe,Middle Frontal Gyrus,Brodmann area 10,0
30,55,0,Frontal Lobe,Superior Frontal Gyrus,Brodmann area 10,0
30,60,0,Frontal Lobe,Superior Frontal Gyrus,Brodmann area 10,0
35,-90,0,Occipital Lobe,Middle Occipital Gyrus,Brodmann area 18,0
35,15,0,Sub-lobar,Insula,Brodmann area 13,0
35,20,0,Sub-lobar,Extra-Nuclear,Brodmann area 47,0
35,25,0,Frontal Lobe,Inferior Frontal Gyrus,Brodmann area 47,0
35,55,0,Frontal Lobe,Middle Frontal Gyrus,Brodmann area 10,0
35,60,0,Frontal Lobe,Superior Frontal Gyrus,Brodmann area 10,0
40,-90,0,Occipital Lobe,Middle Occipital Gyrus,Brodmann area 18,0
40,-65,0,Occipital Lobe,Middle Occipital Gyrus,Brodmann area 37,0
40,-5,0,Sub-lobar,Insula,Brodmann area 13,0
40,0,0,Sub-lobar,Insula,Brodmann area 13,0
40,10,0,Sub-lobar,Insula,Brodmann area 13,0
40,15,0,Sub-lobar,Insula,Brodmann area 13,0
40,20,0,Frontal Lobe,Inferior Frontal Gyrus,Brodmann area 47,0
40,25,0,Frontal Lobe,Inferior Frontal Gyrus,Brodmann area 47,0
40,55,0,Frontal Lobe,Middle Frontal Gyrus,Brodmann area 10,0
45,-70,0,Occipital Lobe,Middle Occipital Gyrus,Brodmann area 37,0
45,-65,0,Temporal Lobe,Middle Temporal Gyrus,Brodmann area 37,0
45,-60,0,Temporal Lobe,Middle Temporal Gyrus,Brodmann area 37,0
45,-20,0,Temporal Lobe,Superior Temporal Gyrus,Brodmann area 22,0
45,-15,0,Sub-lobar,Insula,Brodmann area 13,0
45,-10,0,Sub-lobar,Insula,Brodmann area 13,0
45,-5,0,Sub-lobar,Insula,Brodmann area 13,0
45,0,0,Sub-lobar,Insula,Brodmann area 13,0
45,5,0,Sub-lobar,Insula,Brodmann area 13,0
45,10,0,Sub-lobar,Insula,Brodmann area 13,0
45,15,0,Frontal Lobe,Inferior Frontal Gyrus,Brodmann area 47,0
45,20,0,Frontal Lobe,Inferior Frontal Gyrus,Brodmann area 47,0
45,45,0,Frontal Lobe,Inferior Frontal Gyrus,Brodmann area 10,0
45,50,0,Frontal Lobe,Inferior Frontal Gyrus,Brodmann area 10,0
50,-70,0,Occipital Lobe,Middle Occipital Gyrus,Brodmann area 37,0
50,-65,0,Temporal Lobe,Middle Temporal Gyrus,Brodmann area 37,0
50,-60,0,Temporal Lobe,Middle Temporal Gyrus,Brodmann area 37,0
50,-35,0,Temporal Lobe,Superior Temporal Gyrus,Brodmann area 22,0
50,-30,0,Temporal Lobe,Superior Temporal Gyrus,Brodmann area 22,0
50,-10,0,Temporal Lobe,Superior Temporal Gyrus,Brodmann area 22,0
50,-5,0,Temporal Lobe,Superior Temporal Gyrus,Brodmann area 22,0
50,0,0,Temporal Lobe,Superior Temporal Gyrus,Brodmann area 22,0
50,5,0,Temporal Lobe,Superior Temporal Gyrus,Brodmann area 22,0
50,10,0,Temporal Lobe,Superior Temporal Gyrus,Brodmann area 22,0
50,15,0,Frontal Lobe,Inferior Frontal Gyrus,Brodmann area 47,0
50,20,0,Frontal Lobe,Inferior Frontal Gyrus,Brodmann area 47,0
50,25,0,Frontal Lobe,Inferior Frontal Gyrus,Brodmann area 47,0
50,35,0,Frontal Lobe,Inferior Frontal Gyrus,Brodmann area 47,0
50,40,0,Frontal Lobe,Middle Frontal Gyrus,Brodmann area 47,0
55,-70,0,Occipital Lobe,Middle Occipital Gyrus,Brodmann area 37,0
55,-65,0,Temporal Lobe,Middle Temporal Gyrus,Brodmann area 37,0
55,-45,0,Temporal Lobe,Middle Temporal Gyrus,Brodmann area 22,0
55,-40,0,Temporal Lobe,Middle Temporal Gyrus,Brodmann area 22,0
55,-35,0,Temporal Lobe,Middle Temporal Gyrus,Brodmann area 22,0
55,-30,0,Temporal Lobe,Middle Temporal Gyrus,Brodmann area 21,0
55,-25,0,Temporal Lobe,Superior Temporal Gyrus,Brodmann area 22,0
55,-10,0,Temporal Lobe,Superior Temporal Gyrus,Brodmann area 22,0
55,5,0,Temporal Lobe,Superior Temporal Gyrus,Brodmann area 22,0
55,10,0,Temporal Lobe,Superior Temporal Gyrus,Brodmann area 22,0
55,20,0,Frontal Lobe,Inferior Frontal Gyrus,Brodmann area 47,0
55,25,0,Frontal Lobe,Inferior Frontal Gyrus,Brodmann area 47,0
55,30,0,Frontal Lobe,Inferior Frontal Gyrus,Brodmann area 47,0
55,35,0,Frontal Lobe,Inferior Frontal Gyrus,Brodmann area 47,0
60,-60,0,Temporal Lobe,Middle Temporal Gyrus,Brodmann area 21,0
60,-55,0,Temporal Lobe,Middle Temporal Gyrus,Brodmann area 21,0
60,-50,0,Temporal Lobe,Middle Temporal Gyrus,Brodmann area 22,0
60,-40,0,Temporal Lobe,Middle Temporal Gyrus,Brodmann area 21,0
60,-35,0,Temporal Lobe,Middle Temporal Gyrus,Brodmann area 22,0
60,-30,0,Temporal Lobe,Middle Temporal Gyrus,Brodmann area 21,0
60,-25,0,Temporal Lobe,Superior Temporal Gyrus,Brodmann area 22,0
60,-15,0,Temporal Lobe,Superior Temporal Gyrus,Brodmann area 22,0
60,-10,0,Temporal Lobe,Superior Temporal Gyrus,Brodmann area 22,0
60,-5,0,Temporal Lobe,Superior Temporal Gyrus,Brodmann area 22,0
60,5,0,Temporal Lobe,Superior Temporal Gyrus,Brodmann area 22,0
65,-55,0,Temporal Lobe,Middle Temporal Gyrus,Brodmann area 21,0
65,-50,0,Temporal Lobe,Middle Temporal Gyrus,Brodmann area 21,0
65,-45,0,Temporal Lobe,Middle Temporal Gyrus,Brodmann area 21,0
65,-40,0,Temporal Lobe,Middle Temporal Gyrus,Brodmann area 21,0
65,-35,0,Temporal Lobe,Middle Temporal Gyrus,Brodmann area 22,0
65,-30,0,Temporal Lobe,Middle Temporal Gyrus,Brodmann area 21,0
65,-25,0,Temporal Lobe,Superior Temporal Gyrus,Brodmann area 22,0
65,-20,0,Temporal Lobe,Superior Temporal Gyrus,Brodmann area 22,0
65,-15,0,Temporal Lobe,Superior Temporal Gyrus,Brodmann area 22,0
65,-10,0,Temporal Lobe,Superior Temporal Gyrus,Brodmann area 21,0
65,-5,0,Temporal Lobe,Superior Temporal Gyrus,Brodmann area 21,0
70,-35,0,Temporal Lobe,Middle Temporal Gyrus,Brodmann area 22,0
-65,-50,5,Temporal Lobe,Middle Temporal Gyrus,Brodmann area 21,0
-65,-45,5,Temporal Lobe,Superior Temporal Gyrus,Brodmann area 22,0
-65,-35,5,Temporal Lobe,Superior Temporal Gyrus,Brodmann area 22,0
-65,-30,5,Temporal Lobe,Superior Temporal Gyrus,Brodmann area 42,0
-65,-25,5,Temporal Lobe,Superior Temporal Gyrus,Brodmann area 22,0
-65,-20,5,Temporal Lobe,Superior Temporal Gyrus,Brodmann area 22,0
-65,-15,5,Temporal Lobe,Superior Temporal Gyrus,Brodmann area 22,0
-65,-10,5,Temporal Lobe,Superior Temporal Gyrus,Brodmann area 22,0
-60,-65,5,Temporal Lobe,Middle Temporal Gyrus,Brodmann area 37,0
-60,-50,5,Temporal Lobe,Middle Temporal Gyrus,Brodmann area 21,0
-60,-45,5,Temporal Lobe,Superior Temporal Gyrus,Brodmann area 22,0
-60,-35,5,Temporal Lobe,Superior Temporal Gyrus,Brodmann area 22,0
-60,-30,5,Temporal Lobe,Superior Temporal Gyrus,Brodmann area 22,0
-60,-10,5,Temporal Lobe,Superior Temporal Gyrus,Brodmann area 22,0
-60,-5,5,Temporal Lobe,Superior Temporal Gyrus,Brodmann area 22,0
-60,0,5,Temporal Lobe,Superior Temporal Gyrus,Brodmann area 22,0
-55,-75,5,Occipital Lobe,Middle Occipital Gyrus,Brodmann area 19,0
-55,-70,5,Occipital Lobe,Middle Occipital Gyrus,Brodmann area 19,0
-55,-45,5,Temporal Lobe,Middle Temporal Gyrus,Brodmann area 21,0
-55,-35,5,Temporal Lobe,Middle Temporal Gyrus,Brodmann area 22,0
-55,-30,5,Temporal Lobe,Superior Temporal Gyrus,Brodmann area 22,0
-55,-25,5,Temporal Lobe,Superior Temporal Gyrus,Brodmann area 41,0
-55,-20,5,Temporal Lobe,Superior Temporal Gyrus,Brodmann area 41,0
-55,-10,5,Temporal Lobe,Superior Temporal Gyrus,Brodmann area 22,0
-55,-5,5,Frontal Lobe,Precentral Gyrus,Brodmann area 6,0
-55,0,5,Temporal Lobe,Superior Temporal Gyrus,Brodmann area 22,0
-55,15,5,Frontal Lobe,Inferior Frontal Gyrus,Brodmann area 45,0
-55,20,5,Frontal Lobe,Inferior Frontal Gyrus,Brodmann area 45,0
-55,25,5,Frontal Lobe,Inferior Frontal Gyrus,Brodmann area 45,0
-55,30,5,Frontal Lobe,Inferior Frontal Gyrus,Brodmann area 45,0
-55,35,5,Frontal Lobe,Inferior Frontal Gyrus,Brodmann area 45,0
-50,-70,5,Occipital Lobe,Middle Occipital Gyrus,Brodmann area 19,0
-50,-65,5,Temporal Lobe,Middle Temporal Gyrus,Brodmann area 37,0
-50,-35,5,Temporal Lobe,Middle Temporal Gyrus,Brodmann area 22,0
-50,-30,5,Temporal Lobe,Superior Temporal Gyrus,Brodmann area 22,0
-50,-25,5,Temporal Lobe,Superior Temporal Gyrus,Brodmann area 41,0
-50,-15,5,Temporal Lobe,Superior Temporal Gyrus,Brodmann area 22,0
-50,-10,5,Temporal Lobe,Superior Temporal Gyrus,Brodmann area 22,0
-50,-5,5,Temporal Lobe,Superior Temporal Gyrus,Brodmann area 22,0
-50,0,5,Frontal Lobe,Precentral Gyrus,Brodmann area 44,0
-50,20,5,Frontal Lobe,Inferior Frontal Gyrus,Brodmann area 45,0
-50,25,5,Frontal Lobe,Inferior Frontal Gyrus,Brodmann area 47,0
-50,40,5,Frontal Lobe,Inferior Frontal Gyrus,Brodmann area 46,0
-45,-85,5,Occipital Lobe,Middle Occipital Gyrus,Brodmann area 19,0
-45,-80,5,Occipital Lobe,Middle Occipital Gyrus,Brodmann area 19,0
-45,-75,5,Occipital Lobe,Middle Occipital Gyrus,Brodmann area 19,0
-45,-70,5,Temporal Lobe,Middle Temporal Gyrus,Brodmann area 37,0
-45,-30,5,Temporal Lobe,Superior Temporal Gyrus,Brodmann area 41,0
-45,-25,5,Temporal Lobe,Superior Temporal Gyrus,Brodmann area 41,0
-45,-20,5,Temporal Lobe,Superior Temporal Gyrus,Brodmann area 13,0
-45,-15,5,Sub-lobar,Insula,Brodmann area 13,0
-45,-10,5,Sub-lobar,Insula,Brodmann area 13,0
-45,-5,5,Sub-lobar,Insula,Brodmann area 13,0
-45,0,5,Frontal Lobe,Precentral Gyrus,Brodmann area 44,0
-45,5,5,Sub-lobar,Insula,Brodmann area 13,0
-45,10,5,Sub-lobar,Insula,Brodmann area 13,0
-45,15,5,Sub-lobar,Insula,Brodmann area 13,0
-45,20,5,Frontal Lobe,Inferior Frontal Gyrus,Brodmann area 45,0
-45,50,5,Frontal Lobe,Middle Frontal Gyrus,Brodmann area 10,0
-40,-90,5,Occipital Lobe,Middle Occipital Gyrus,Brodmann area 19,0
-40,-85,5,Occipital Lobe,Middle Occipital Gyrus,Brodmann area 19,0
-40,-80,5,Occipital Lobe,Middle Occipital Gyrus,Brodmann area 19,0
-40,-75,5,Occipital Lobe,Middle Occipital Gyrus,Brodmann area 19,0
-40,-70,5,Occipital Lobe,Middle Occipital Gyrus,Brodmann area 19,0
-40,-65,5,Occipital Lobe,Middle Temporal Gyrus,Brodmann area 37,0
-40,-35,5,Temporal Lobe,Superior Temporal Gyrus,Brodmann area 41,0
-40,-30,5,Temporal Lobe,Superior Temporal Gyrus,Brodmann area 41,0
-40,-25,5,Temporal Lobe,Superior Temporal Gyrus,Brodmann area 13,0
-40,-20,5,Sub-lobar,Insula,Brodmann area 13,0
-40,-15,5,Sub-lobar,Insula,Brodmann area 13,0
-40,-10,5,Sub-lobar,Insula,Brodmann area 13,0
-40,-5,5,Sub-lobar,Insula,Brodmann area 13,0
-40,0,5,Sub-lobar,Insula,Brodmann area 13,0
-40,15,5,Sub-lobar,Insula,Brodmann area 13,0
-40,20,5,Frontal Lobe,Inferior Frontal Gyrus,Brodmann area 45,0
-40,25,5,Frontal Lobe,Inferior Frontal Gyrus,Brodmann area 47,0
-40,50,5,Frontal Lobe,Inferior Frontal Gyrus,Brodmann area 10,0
-40,55,5,Frontal Lobe,Inferior Frontal Gyrus,Brodmann area 10,0
-35,-90,5,Occipital Lobe,Middle Occipital Gyrus,Brodmann area 19,0
-35,-85,5,Occipital Lobe,Middle Occipital Gyrus,Brodmann area 19,0
-35,-25,5,Sub-lobar,Insula,Brodmann area 13,0
-35,20,5,Sub-lobar,Insula,Brodmann area 13,0
-35,25,5,Frontal Lobe,Inferior Frontal Gyrus,Brodmann area 45,0
-35,50,5,Frontal Lobe,Middle Frontal Gyrus,Brodmann area 10,0
-35,55,5,Frontal Lobe,Middle Frontal Gyrus,Brodmann area 10,0
-30,-95,5,Occipital Lobe,Middle Occipital Gyrus,Brodmann area 18,0
-30,-85,5,Occipital Lobe,Middle Occipital Gyrus,Brodmann area 19,0
-30,25,5,Sub-lobar,Insula,Brodmann area 45,0
-30,55,5,Frontal Lobe,Middle Frontal Gyrus,Brodmann area 10,0
-30,60,5,Frontal Lobe,Middle Frontal Gyrus,Brodmann area 10,0
-25,-95,5,Occipital Lobe,Middle Occipital Gyrus,Brodmann area 18,0
-25,-90,5,Occipital Lobe,Middle Occipital Gyrus,Brodmann area 19,0
-25,-70,5,Limbic Lobe,Posterior Cingulate,Brodmann area 30,0
-25,50,5,Frontal Lobe,Superior Frontal Gyrus,Brodmann area 10,0
-25,55,5,Frontal Lobe,Superior Frontal Gyrus,Brodmann area 10,0
-25,60,5,Frontal Lobe,Superior Frontal Gyrus,Brodmann area 10,0
-20,-100,5,Occipital Lobe,Middle Occipital Gyrus,Brodmann area 18,0
-20,-85,5,Occipital Lobe,Cuneus,Brodmann area 17,0
-20,-70,5,Limbic Lobe,Posterior Cingulate,Brodmann area 30,0
-20,-65,5,Limbic Lobe,Posterior Cingulate,Brodmann area 30,0
-20,-60,5,Limbic Lobe,Posterior Cingulate,Brodmann area 30,0
-15,-100,5,Occipital Lobe,Cuneus,Brodmann area 18,0
-15,-90,5,Occipital Lobe,Cuneus,Brodmann area 17,0
-15,-85,5,Occipital Lobe,Cuneus,Brodmann area 17,0
-15,-60,5,Limbic Lobe,Posterior Cingulate,Brodmann area 30,0
-15,-55,5,Limbic Lobe,Posterior Cingulate,Brodmann area 30,0
-15,45,5,Frontal Lobe,Medial Frontal Gyrus,Brodmann area 10,0
-15,55,5,Frontal Lobe,Medial Frontal Gyrus,Brodmann area 10,0
-15,60,5,Frontal Lobe,Medial Frontal Gyrus,Brodmann area 10,0
-10,-90,5,Occipital Lobe,Cuneus,Brodmann area 17,0
-10,-85,5,Occipital Lobe,Cuneus,Brodmann area 17,0
-10,-60,5,Occipital Lobe,Cuneus,Brodmann area 30,0
-10,-55,5,Limbic Lobe,Posterior Cingulate,Brodmann area 30,0
-10,-50,5,Limbic Lobe,Posterior Cingulate,Brodmann area 29,0
-10,-45,5,Limbic Lobe,Posterior Cingulate,Brodmann area 29,0
-10,45,5,Limbic Lobe,Anterior Cingulate,Brodmann area 32,0
-10,55,5,Frontal Lobe,Medial Frontal Gyrus,Brodmann area 10,0
-10,60,5,Frontal Lobe,Medial Frontal Gyrus,Brodmann area 10,0
-5,-100,5,Occipital Lobe,Cuneus,Brodmann area 18,0
-5,-95,5,Occipital Lobe,Cuneus,Brodmann area 18,0
-5,-90,5,Occipital Lobe,Cuneus,Brodmann area 17,0
-5,-85,5,Occipital Lobe,Cuneus,Brodmann area 17,0
-5,-70,5,Occipital Lobe,Cuneus,Brodmann area 30,0
-5,-65,5,Occipital Lobe,Cuneus,Brodmann area 30,0
-5,-60,5,Limbic Lobe,Posterior Cingulate,Brodmann area 30,0
-5,-55,5,Limbic Lobe,Posterior Cingulate,Brodmann area 30,0
-5,-50,5,Limbic Lobe,Posterior Cingulate,Brodmann area 29,0
-5,35,5,Limbic Lobe,Anterior Cingulate,Brodmann area 24,0
-5,40,5,Limbic Lobe,Anterior Cingulate,Brodmann area 32,0
-5,50,5,Frontal Lobe,Medial Frontal Gyrus,Brodmann area 10,0
-5,55,5,Frontal Lobe,Medial Frontal Gyrus,Brodmann area 10,0
-5,60,5,Frontal Lobe,Medial Frontal Gyrus,Brodmann area 10,0
-5,65,5,Frontal Lobe,Medial Frontal Gyrus,Brodmann area 10,0
0,-100,5,Occipital Lobe,Cuneus,Brodmann area 18,0
0,-95,5,Occipital Lobe,Cuneus,Brodmann area 18,0
5,-100,5,Occipital Lobe,Cuneus,Brodmann area 18,0
5,-95,5,Occipital Lobe,Cuneus,Brodmann area 18,0
5,-90,5,Occipital Lobe,Cuneus,Brodmann area 17,0
5,-85,5,Occipital Lobe,Cuneus,Brodmann area 17,0
5,-80,5,Occipital Lobe,Cuneus,Brodmann area 18,0
5,-75,5,Occipital Lobe,Cuneus,Brodmann area 30,0
5,-70,5,Occipital Lobe,Cuneus,Brodmann area 30,0
5,-65,5,Occipital Lobe,Cuneus,Brodmann area 30,0
5,-60,5,Limbic Lobe,Posterior Cingulate,Brodmann area 30,0
5,-55,5,Limbic Lobe,Posterior Cingulate,Brodmann area 30,0
5,-50,5,Limbic Lobe,Posterior Cingulate,Brodmann area 29,0
5,35,5,Limbic Lobe,Anterior Cingulate,Brodmann area 24,2
5,40,5,Limbic Lobe,Anterior Cingulate,Brodmann area 32,2
5,50,5,Frontal Lobe,Medial Frontal Gyrus,Brodmann area 10,2
5,55,5,Frontal Lobe,Medial Frontal Gyrus,Brodmann area 10,0
5,65,5,Frontal Lobe,Medial Frontal Gyrus,Brodmann area 10,0
10,-90,5,Occipital Lobe,Cuneus,Brodmann area 17,0
10,-85,5,Occipital Lobe,Cuneus,Brodmann area 17,0
10,-65,5,Occipital Lobe,Cuneus,Brodmann area 30,0
10,-60,5,Occipital Lobe,Cuneus,Brodmann area 30,0
10,-45,5,Limbic Lobe,Posterior Cingulate,Brodmann area 29,0
10,45,5,Limbic Lobe,Anterior Cingulate,Brodmann area 32,2
10,55,5,Frontal Lobe,Medial Frontal Gyrus,Brodmann area 10,0
15,-100,5,Occipital Lobe,Cuneus,Brodmann area 18,0
15,-90,5,Occipital Lobe,Cuneus,Brodmann area 17,0
15,-85,5,Occipital Lobe,Cuneus,Brodmann area 17,0
15,-55,5,Limbic Lobe,Posterior Cingulate,Brodmann area 30,0
15,45,5,Limbic Lobe,Anterior Cingulate,Brodmann area 32,0
15,55,5,Frontal Lobe,Medial Frontal Gyrus,Brodmann area 10,0
15,60,5,Frontal Lobe,Medial Frontal Gyrus,Brodmann area 10,0
20,-100,5,Occipital Lobe,Middle Occipital Gyrus,Brodmann area 18,0
20,-90,5,Occipital Lobe,Cuneus,Brodmann area 17,0
20,-85,5,Occipital Lobe,Cuneus,Brodmann area 17,0
20,-80,5,Occipital Lobe,Cuneus,Brodmann area 17,0
20,-65,5,Limbic Lobe,Posterior Cingulate,Brodmann area 30,0
20,-60,5,Limbic Lobe,Posterior Cingulate,Brodmann area 30,0
20,-55,5,Limbic Lobe,Posterior Cingulate,Brodmann area 30,0
25,-95,5,Occipital Lobe,Middle Occipital Gyrus,Brodmann area 18,0
25,-90,5,Occipital Lobe,Middle Occipital Gyrus,Brodmann area 19,0
25,-70,5,Limbic Lobe,Posterior Cingulate,Brodmann area 30,0
25,-65,5,Limbic Lobe,Posterior Cingulate,Brodmann area 30,0
25,50,5,Frontal Lobe,Superior Frontal Gyrus,Brodmann area 10,0
25,55,5,Frontal Lobe,Superior Frontal Gyrus,Brodmann area 10,0
25,60,5,Frontal Lobe,Superior Frontal Gyrus,Brodmann area 10,0
30,-95,5,Occipital Lobe,Middle Occipital Gyrus,Brodmann area 18,0
30,25,5,Sub-lobar,Insula,Brodmann area 13,0
30,55,5,Frontal Lobe,Middle Frontal Gyrus,Brodmann area 10,0
30,60,5,Frontal Lobe,Superior Frontal Gyrus,Brodmann area 10,0
35,-90,5,Occipital Lobe,Middle Occipital Gyrus,Brodmann area 19,0
35,-85,5,Occipital Lobe,Middle Occipital Gyrus,Brodmann area 19,0
35,20,5,Sub-lobar,Insula,Brodmann area 13,0
35,25,5,Frontal Lobe,Inferior Frontal Gyrus,Brodmann area 45,0
35,50,5,Frontal Lobe,Middle Frontal Gyrus,Brodmann area 10,0
35,55,5,Frontal Lobe,Middle Frontal Gyrus,Brodmann area 10,0
40,-90,5,Occipital Lobe,Middle Occipital Gyrus,Brodmann area 19,0
40,-85,5,Occipital Lobe,Middle Occipital Gyrus,Brodmann area 19,0
40,-80,5,Occipital Lobe,Middle Occipital Gyrus,Brodmann area 19,0
40,-75,5,Occipital Lobe,Middle Occipital Gyrus,Brodmann area 19,0
40,-70,5,Occipital Lobe,Middle Occipital Gyrus,Brodmann area 19,0
40,-65,5,Occipital Lobe,Middle Temporal Gyrus,Brodmann area 37,0
40,-35,5,Temporal Lobe,Superior Temporal Gyrus,Brodmann area 41,0
40,-30,5,Temporal Lobe,Superior Temporal Gyrus,Brodmann area 41,0
40,-25,5,Temporal Lobe,Superior Temporal Gyrus,Brodmann area 13,0
40,-20,5,Sub-lobar,Insula,Brodmann area 13,0
40,-10,5,Sub-lobar,Insula,Brodmann area 13,0
40,-5,5,Sub-lobar,Insula,Brodmann area 13,0
40,0,5,Sub-lobar,Insula,Brodmann area 13,0
40,15,5,Sub-lobar,Insula,Brodmann area 13,0
40,20,5,Frontal Lobe,Inferior Frontal Gyrus,Brodmann area 45,0
40,25,5,Frontal Lobe,Inferior Frontal Gyrus,Brodmann area 45,0
40,50,5,Frontal Lobe,Inferior Frontal Gyrus,Brodmann area 10,0
40,55,5,Frontal Lobe,Inferior Frontal Gyrus,Brodmann area 10,0
45,-85,5,Occipital Lobe,Middle Occipital Gyrus,Brodmann area 19,0
45,-80,5,Occipital Lobe,Middle Occipital Gyrus,Brodmann area 19,0
45,-75,5,Occipital Lobe,Middle Occipital Gyrus,Brodmann area 19,0
45,-70,5,Temporal Lobe,Middle Temporal Gyrus,Brodmann area 37,0
45,-30,5,Temporal Lobe,Superior Temporal Gyrus,Brodmann area 41,0
45,-25,5,Temporal Lobe,Superior Temporal Gyrus,Brodmann area 41,0
45,-20,5,Temporal Lobe,Superior Temporal Gyrus,Brodmann area 13,0
45,-15,5,Sub-lobar,Insula,Brodmann area 13,0
45,-10,5,Sub-lobar,Insula,Brodmann area 13,0
45,-5,5,Sub-lobar,Insula,Brodmann area 13,0
45,0,5,Sub-lobar,Insula,Brodmann area 13,0
45,5,5,Sub-lobar,Insula,Brodmann area 13,0
45,10,5,Sub-lobar,Insula,Brodmann area 13,0
45,15,5,Sub-lobar,Insula,Brodmann area 13,0
45,20,5,Frontal Lobe,Inferior Frontal Gyrus,Brodmann area 45,0
45,50,5,Frontal Lobe,Middle Frontal Gyrus,Brodmann area 10,0
50,-75,5,Occipital Lobe,Middle Occipital Gyrus,Brodmann area 19,0
50,-70,5,Occipital Lobe,Middle Occipital Gyrus,Brodmann area 19,0
50,-65,5,Temporal Lobe,Middle Temporal Gyrus,Brodmann area 37,0
50,-35,5,Temporal Lobe,Superior Temporal Gyrus,Brodmann area 22,0
50,-30,5,Temporal Lobe,Superior Temporal Gyrus,Brodmann area 22,0
50,-25,5,Temporal Lobe,Superior Temporal Gyrus,Brodmann area 41,0
50,-20,5,Temporal Lobe,Superior Temporal Gyrus,Brodmann area 22,0
50,-15,5,Temporal Lobe,Superior Temporal Gyrus,Brodmann area 22,0
50,-10,5,Temporal Lobe,Superior Temporal Gyrus,Brodmann area 22,0
50,-5,5,Temporal Lobe,Superior Temporal Gyrus,Brodmann area 22,0
50,0,5,Frontal Lobe,Precentral Gyrus,Brodmann area 44,0
50,20,5,Frontal Lobe,Inferior Frontal Gyrus,Brodmann area 45,0
50,25,5,Frontal Lobe,Inferior Frontal Gyrus,Brodmann area 47,0
50,40,5,Frontal Lobe,Inferior Frontal Gyrus,Brodmann area 46,0
55,-70,5,Occipital Lobe,Middle Occipital Gyrus,Brodmann area 19,0
55,-65,5,Temporal Lobe,Middle Temporal Gyrus,Brodmann area 37,0
55,-45,5,Temporal Lobe,Middle Temporal Gyrus,Brodmann area 21,0
55,-40,5,Temporal Lobe,Superior Temporal Gyrus,Brodmann area 22,0
55,-35,5,Temporal Lobe,Middle Temporal Gyrus,Brodmann area 22,0
55,-30,5,Temporal Lobe,Superior Temporal Gyrus,Brodmann area 22,0
55,-25,5,Temporal Lobe,Superior Temporal Gyrus,Brodmann area 41,0
55,-20,5,Temporal Lobe,Superior Temporal Gyrus,Brodmann area 41,0
55,-10,5,Temporal Lobe,Superior Temporal Gyrus,Brodmann area 22,0
55,-5,5,Temporal Lobe,Superior Temporal Gyrus,Brodmann area 22,0
55,0,5,Temporal Lobe,Superior Temporal Gyrus,Brodmann area 22,0
55,15,5,Frontal Lobe,Inferior Frontal Gyrus,Brodmann area 45,0
55,20,5,Frontal Lobe,Inferior Frontal Gyrus,Brodmann area 45,0
55,25,5,Frontal Lobe,Inferior Frontal Gyrus,Brodmann area 45,0
55,30,5,Frontal Lobe,Inferior Frontal Gyrus,Brodmann area 45,0
55,35,5,Frontal Lobe,Inferior Frontal Gyrus,Brodmann area 45,0
60,-50,5,Temporal Lobe,Middle Temporal Gyrus,Brodmann area 21,0
60,-45,5,Temporal Lobe,Superior Temporal Gyrus,Brodmann area 22,0
60,-35,5,Temporal Lobe,Superior Temporal Gyrus,Brodmann area 22,0
60,-30,5,Temporal Lobe,Superior Temporal Gyrus,Brodmann area 22,0
60,-10,5,Temporal Lobe,Superior Temporal Gyrus,Brodmann area 22,0
60,-5,5,Temporal Lobe,Superior Temporal Gyrus,Brodmann area 22,0
60,0,5,Temporal Lobe,Superior Temporal Gyrus,Brodmann area 22,0
65,-55,5,Temporal Lobe,Middle Temporal Gyrus,Brodmann area 21,0
65,-50,5,Temporal Lobe,Middle Temporal Gyrus,Brodmann area 21,0
65,-45,5,Temporal Lobe,Superior Temporal Gyrus,Brodmann area 22,0
65,-35,5,Temporal Lobe,Superior Temporal Gyrus,Brodmann area 22,0
65,-30,5,Temporal Lobe,Superior Temporal Gyrus,Brodmann area 42,0
65,-25,5,Temporal Lobe,Superior Temporal Gyrus,Brodmann area 22,0
65,-15,5,Temporal Lobe,Superior Temporal Gyrus,Brodmann area 22,0
65,-10,5,Temporal Lobe,Superior Temporal Gyrus,Brodmann area 22,0
65,-5,5,Temporal Lobe,Superior Temporal Gyrus,Brodmann area 22,0
70,-30,5,Temporal Lobe,Superior Temporal Gyrus,Brodmann area 42,0
70,-25,5,Temporal Lobe,Superior Temporal Gyrus,Brodmann area 42,0
-70,-35,10,Temporal Lobe,Superior Temporal Gyrus,Brodmann area 22,0
-65,-50,10,Temporal Lobe,Superior Temporal Gyrus,Brodmann area 22,0
-65,-45,10,Temporal Lobe,Superior Temporal Gyrus,Brodmann area 22,0
-65,-35,10,Temporal Lobe,Superior Temporal Gyrus,Brodmann area 22,0
-65,-30,10,Temporal Lobe,Superior Temporal Gyrus,Brodmann area 42,0
-65,-25,10,Temporal Lobe,Superior Temporal Gyrus,Brodmann area 42,0
-65,-20,10,Temporal Lobe,Transverse Temporal Gyrus,Brodmann area 42,0
-65,-15,10,Temporal Lobe,Transverse Temporal Gyrus,Brodmann area 42,0
-65,-10,10,Temporal Lobe,Transverse Temporal Gyrus,Brodmann area 42,0
-65,-5,10,Temporal Lobe,Superior Temporal Gyrus,Brodmann area 22,0
-60,-60,10,Temporal Lobe,Middle Temporal Gyrus,Brodmann area 39,0
-60,-55,10,Temporal Lobe,Superior Temporal Gyrus,Brodmann area 22,0
-60,-50,10,Temporal Lobe,Superior Temporal Gyrus,Brodmann area 22,0
-60,-25,10,Temporal Lobe,Superior Temporal Gyrus,Brodmann area 42,0
-60,-20,10,Temporal Lobe,Transverse Temporal Gyrus,Brodmann area 42,0
-60,-15,10,Temporal Lobe,Transverse Temporal Gyrus,Brodmann area 42,0
-60,-10,10,Temporal Lobe,Transverse Temporal Gyrus,Brodmann area 42,0
-60,-5,10,Temporal Lobe,Superior Temporal Gyrus,Brodmann area 22,0
-60,0,10,Frontal Lobe,Precentral Gyrus,Brodmann area 6,0
-60,5,10,Frontal Lobe,Precentral Gyrus,Brodmann area 44,0
-60,15,10,Frontal Lobe,Precentral Gyrus,Brodmann area 44,0
-55,-75,10,Temporal Lobe,Middle Temporal Gyrus,Brodmann area 39,0
-55,-70,10,Temporal Lobe,Middle Temporal Gyrus,Brodmann area 39,0
-55,-60,10,Temporal Lobe,Middle Temporal Gyrus,Brodmann area 39,0
-55,-55,10,Temporal Lobe,Superior Temporal Gyrus,Brodmann area 39,0
-55,-50,10,Temporal Lobe,Superior Temporal Gyrus,Brodmann area 22,0
-55,-30,10,Temporal Lobe,Superior Temporal Gyrus,Brodmann area 41,0
-55,-25,10,Temporal Lobe,Transverse Temporal Gyrus,Brodmann area 41,0
-55,-20,10,Temporal Lobe,Transverse Temporal Gyrus,Brodmann area 41,0
-55,-15,10,Temporal Lobe,Transverse Temporal Gyrus,Brodmann area 42,0
-55,-10,10,Frontal Lobe,Precentral Gyrus,Brodmann area 43,0
-55,-5,10,Frontal Lobe,Precentral Gyrus,Brodmann area 6,0
-55,0,10,Frontal Lobe,Precentral Gyrus,Brodmann area 6,0
-55,10,10,Frontal Lobe,Precentral Gyrus,Brodmann area 44,0
-55,15,10,Frontal Lobe,Precentral Gyrus,Brodmann area 44,0
-55,20,10,Frontal Lobe,Inferior Frontal Gyrus,Brodmann area 45,0
-55,25,10,Frontal Lobe,Inferior Frontal Gyrus,Brodmann area 45,0
-50,-80,10,Occipital Lobe,Middle Temporal Gyrus,Brodmann area 19,0
-50,-75,10,Temporal Lobe,Middle Temporal Gyrus,Brodmann area 39,0
-50,-70,10,Temporal Lobe,Middle Temporal Gyrus,Brodmann area 39,0
-50,-60,10,Temporal Lobe,Middle Temporal Gyrus,Brodmann area 39,0
-50,-55,10,Temporal Lobe,Superior Temporal Gyrus,Brodmann area 39,0
-50,-30,10,Temporal Lobe,Superior Temporal Gyrus,Brodmann area 41,0
-50,-25,10,Temporal Lobe,Transverse Temporal Gyrus,Brodmann area 41,0
-50,-20,10,Temporal Lobe,Transverse Temporal Gyrus,Brodmann area 41,0
-50,-15,10,Temporal Lobe,Superior Temporal Gyrus,Brodmann area 22,0
-50,-10,10,Frontal Lobe,Precentral Gyrus,Brodmann area 43,0
-50,-5,10,Frontal Lobe,Precentral Gyrus,Brodmann area 6,0
-50,0,10,Frontal Lobe,Precentral Gyrus,Brodmann area 44,0
-50,10,10,Frontal Lobe,Precentral Gyrus,Brodmann area 44,0
-50,15,10,Frontal Lobe,Precentral Gyrus,Brodmann area 44,0
-50,20,10,Frontal Lobe,Inferior Frontal Gyrus,Brodmann area 45,0
-50,25,10,Frontal Lobe,Inferior Frontal Gyrus,Brodmann area 45,0
-45,-85,10,Occipital Lobe,Middle Occipital Gyrus,Brodmann area 19,0
-45,-80,10,Occipital Lobe,Middle Occipital Gyrus,Brodmann area 19,0
-45,-75,10,Temporal Lobe,Middle Temporal Gyrus,Brodmann area 39,0
-45,-70,10,Temporal Lobe,Middle Temporal Gyrus,Brodmann area 39,0
-45,-60,10,Temporal Lobe,Middle Temporal Gyrus,Brodmann area 39,0
-45,-55,10,Temporal Lobe,Superior Temporal Gyrus,Brodmann area 39,0
-45,-35,10,Temporal Lobe,Superior Temporal Gyrus,Brodmann area 41,0
-45,-30,10,Temporal Lobe,Transverse Temporal Gyrus,Brodmann area 41,0
-45,-25,10,Temporal Lobe,Transverse Temporal Gyrus,Brodmann area 41,0
-45,-20,10,Temporal Lobe,Superior Temporal Gyrus,Brodmann area 13,0
-45,-15,10,Sub-lobar,Insula,Brodmann area 13,0
-45,-10,10,Sub-lobar,Insula,Brodmann area 13,0
-45,-5,10,Sub-lobar,Insula,Brodmann area 13,0
-45,0,10,Frontal Lobe,Precentral Gyrus,Brodmann area 44,0
-45,5,10,Frontal Lobe,Precentral Gyrus,Brodmann area 44,0
-45,10,10,Frontal Lobe,Precentral Gyrus,Brodmann area 44,0
-45,15,10,Frontal Lobe,Precentral Gyrus,Brodmann area 44,0
-45,20,10,Frontal Lobe,Inferior Frontal Gyrus,Brodmann area 45,0
-45,25,10,Frontal Lobe,Inferior Frontal Gyrus,Brodmann area 13,0
-45,45,10,Frontal Lobe,Middle Frontal Gyrus,Brodmann area 46,0
-40,-90,10,Occipital Lobe,Middle Occipital Gyrus,Brodmann area 19,0
-40,-85,10,Occipital Lobe,Middle Occipital Gyrus,Brodmann area 19,0
-40,-80,10,Occipital Lobe,Middle Occipital Gyrus,Brodmann area 19,0
-40,-40,10,Temporal Lobe,Superior Temporal Gyrus,Brodmann area 41,0
-40,-35,10,Temporal Lobe,Transverse Temporal Gyrus,Brodmann area 41,0
-40,-30,10,Temporal Lobe,Transverse Temporal Gyrus,Brodmann area 41,0
-40,-25,10,Temporal Lobe,Transverse Temporal Gyrus,Brodmann area 41,0
-40,-20,10,Sub-lobar,Insula,Brodmann area 13,0
-40,-15,10,Sub-lobar,Insula,Brodmann area 13,0
-40,-10,10,Sub-lobar,Insula,Brodmann area 13,0
-40,-5,10,Sub-lobar,Insula,Brodmann area 13,0
-40,0,10,Sub-lobar,Insula,Brodmann area 13,0
-40,5,10,Sub-lobar,Insula,Brodmann area 13,0
-40,10,10,Sub-lobar,Insula,Brodmann area 13,0
-40,15,10,Sub-lobar,Insula,Brodmann area 13,0
-40,25,10,Frontal Lobe,Inferior Frontal Gyrus,Brodmann area 13,0
-40,45,10,Frontal Lobe,Middle Frontal Gyrus,Brodmann area 46,0
-35,-90,10,Occipital Lobe,Middle Occipital Gyrus,Brodmann area 18,0
-35,-85,10,Occipital Lobe,Middle Occipital Gyrus,Brodmann area 19,0
-35,-35,10,Temporal Lobe,Transverse Temporal Gyrus,Brodmann area 41,0
-35,-25,10,Sub-lobar,Insula,Brodmann area 13,0
-35,5,10,Sub-lobar,Insula,Brodmann area 13,0
-35,10,10,Sub-lobar,Insula,Brodmann area 13,0
-35,20,10,Sub-lobar,Insula,Brodmann area 13,0
-35,50,10,Frontal Lobe,Middle Frontal Gyrus,Brodmann area 10,0
-30,-95,10,Occipital Lobe,Middle Occipital Gyrus,Brodmann area 19,0
-30,20,10,Sub-lobar,Insula,Brodmann area 13,0
-30,50,10,Frontal Lobe,Middle Frontal Gyrus,Brodmann area 10,0
-30,60,10,Frontal Lobe,Middle Frontal Gyrus,Brodmann area 10,0
-25,-95,10,Occipital Lobe,Middle Occipital Gyrus,Brodmann area 18,0
-25,-75,10,Occipital Lobe,Cuneus,Brodmann area 30,0
-25,-70,10,Limbic Lobe,Posterior Cingulate,Brodmann area 30,0
-25,60,10,Frontal Lobe,Superior Frontal Gyrus,Brodmann area 10,0
-20,-100,10,Occipital Lobe,Middle Occipital Gyrus,Brodmann area 19,0
-20,-85,10,Occipital Lobe,Cuneus,Brodmann area 17,0
-20,-80,10,Occipital Lobe,Cuneus,Brodmann area 17,0
-20,-75,10,Occipital Lobe,Cuneus,Brodmann area 17,0
-20,-70,10,Occipital Lobe,Cuneus,Brodmann area 18,0
-20,-65,10,Limbic Lobe,Posterior Cingulate,Brodmann area 30,0
-20,-60,10,Limbic Lobe,Posterior Cingulate,Brodmann area 30,0
-20,45,10,Limbic Lobe,Anterior Cingulate,Brodmann area 32,0
-20,65,10,Frontal Lobe,Superior Frontal Gyrus,Brodmann area 10,0
-15,-100,10,Occipital Lobe,Middle Occipital Gyrus,Brodmann area 18,0
-15,-90,10,Occipital Lobe,Middle Occipital Gyrus,Brodmann area 18,0
-15,-85,10,Occipital Lobe,Cuneus,Brodmann area 18,0
-15,-80,10,Occipital Lobe,Cuneus,Brodmann area 17,0
-15,-75,10,Occipital Lobe,Cuneus,Brodmann area 23,0
-15,-70,10,Occipital Lobe,Cuneus,Brodmann area 30,0
-15,-65,10,Limbic Lobe,Posterior Cingulate,Brodmann area 30,0
-15,-60,10,Limbic Lobe,Posterior Cingulate,Brodmann area 30,0
-15,45,10,Limbic Lobe,Anterior Cingulate,Brodmann area 32,0
-15,50,10,Frontal Lobe,Medial Frontal Gyrus,Brodmann area 10,0
-10,-100,10,Occipital Lobe,Middle Occipital Gyrus,Brodmann area 18,0
-10,-95,10,Occipital Lobe,Middle Occipital Gyrus,Brodmann area 18,0
-10,-90,10,Occipital Lobe,Cuneus,Brodmann area 18,0
-10,-85,10,Occipital Lobe,Cuneus,Brodmann area 18,0
-10,-80,10,Occipital Lobe,Cuneus,Brodmann area 17,0
-10,-75,10,Occipital Lobe,Cuneus,Brodmann area 23,0
-10,-70,10,Limbic Lobe,Posterior Cingulate,Brodmann area 30,0
-10,-65,10,Limbic Lobe,Posterior Cingulate,Brodmann area 30,0
-10,45,10,Limbic Lobe,Anterior Cingulate,Brodmann area 32,0
-10,50,10,Frontal Lobe,Medial Frontal Gyrus,Brodmann area 10,0
-10,65,10,Frontal Lobe,Medial Frontal Gyrus,Brodmann area 10,0
-5,-100,10,Occipital Lobe,Middle Occipital Gyrus,Brodmann area 18,0
-5,-95,10,Occipital Lobe,Cuneus,Brodmann area 18,0
-5,-90,10,Occipital Lobe,Cuneus,Brodmann area 18,0
-5,-85,10,Occipital Lobe,Cuneus,Brodmann area 17,0
-5,-80,10,Occipital Lobe,Cuneus,Brodmann area 17,0
-5,-75,10,Occipital Lobe,Cuneus,Brodmann area 23,0
-5,-70,10,Limbic Lobe,Posterior Cingulate,Brodmann area 30,0
-5,-65,10,Limbic Lobe,Posterior Cingulate,Brodmann area 30,0
-5,-60,10,Limbic Lobe,Posterior Cingulate,Brodmann area 30,0
-5,-55,10,Limbic Lobe,Posterior Cingulate,Brodmann area 29,0
-5,-50,10,Limbic Lobe,Posterior Cingulate,Brodmann area 29,0
-5,35,10,Limbic Lobe,Anterior Cingulate,Brodmann area 24,0
-5,45,10,Limbic Lobe,Anterior Cingulate,Brodmann area 32,2
-5,50,10,Frontal Lobe,Medial Frontal Gyrus,Brodmann area 10,0
-5,60,10,Frontal Lobe,Medial Frontal Gyrus,Brodmann area 10,0
-5,65,10,Frontal Lobe,Medial Frontal Gyrus,Brodmann area 10,0
0,-95,10,Occipital Lobe,Cuneus,Brodmann area 18,0
0,-90,10,Occipital Lobe,Cuneus,Brodmann area 18,0
0,-85,10,Occipital Lobe,Cuneus,Brodmann area 18,0
0,-80,10,Occipital Lobe,Cuneus,Brodmann area 18,0
0,-75,10,Occipital Lobe,Cuneus,Brodmann area 18,0
0,35,10,Limbic Lobe,Anterior Cingulate,Brodmann area 24,2
0,40,10,Limbic Lobe,Anterior Cingulate,Brodmann area 32,2
0,45,10,Limbic Lobe,Anterior Cingulate,Brodmann area 32,2
0,55,10,Frontal Lobe,Medial Frontal Gyrus,Brodmann area 10,0
0,60,10,Frontal Lobe,Medial Frontal Gyrus,Brodmann area 10,0
5,-100,10,Occipital Lobe,Cuneus,Brodmann area 18,0
5,-95,10,Occipital Lobe,Cuneus,Brodmann area 18,0
5,-90,10,Occipital Lobe,Cuneus,Brodmann area 18,0
5,-85,10,Occipital Lobe,Cuneus,Brodmann area 17,0
5,-80,10,Occipital Lobe,Cuneus,Brodmann area 17,0
5,-75,10,Occipital Lobe,Cuneus,Brodmann area 23,0
5,-70,10,Limbic Lobe,Posterior Cingulate,Brodmann area 30,0
5,-65,10,Limbic Lobe,Posterior Cingulate,Brodmann area 30,0
5,-60,10,Limbic Lobe,Posterior Cingulate,Brodmann area 30,0
5,-55,10,Limbic Lobe,Posterior Cingulate,Brodmann area 29,0
5,-50,10,Limbic Lobe,Posterior Cingulate,Brodmann area 29,0
5,35,10,Limbic Lobe,Anterior Cingulate,Brodmann area 24,2
5,40,10,Limbic Lobe,Anterior Cingulate,Brodmann area 32,2
5,45,10,Limbic Lobe,Anterior Cingulate,Brodmann area 32,2
5,50,10,Limbic Lobe,Anterior Cingulate,Brodmann area 10,2
5,55,10,Frontal Lobe,Medial Frontal Gyrus,Brodmann area 10,0
5,60,10,Frontal Lobe,Medial Frontal Gyrus,Brodmann area 10,0
5,65,10,Frontal Lobe,Medial Frontal Gyrus,Brodmann area 10,0
10,-100,10,Occipital Lobe,Middle Occipital Gyrus,Brodmann area 18,0
10,-95,10,Occipital Lobe,Middle Occipital Gyrus,Brodmann area 18,0
10,-90,10,Occipital Lobe,Cuneus,Brodmann area 18,0
10,-85,10,Occipital Lobe,Cuneus,Brodmann area 18,0
10,-80,10,Occipital Lobe,Cuneus,Brodmann area 17,0
10,-75,10,Occipital Lobe,Cuneus,Brodmann area 23,0
10,-70,10,Limbic Lobe,Posterior Cingulate,Brodmann area 30,0
10,-65,10,Limbic Lobe,Posterior Cingulate,Brodmann area 30,0
10,45,10,Limbic Lobe,Anterior Cingulate,Brodmann area 32,2
10,50,10,Frontal Lobe,Medial Frontal Gyrus,Brodmann area 10,2
15,-100,10,Occipital Lobe,Middle Occipital Gyrus,Brodmann area 18,0
15,-90,10,Occipital Lobe,Middle Occipital Gyrus,Brodmann area 18,0
15,-85,10,Occipital Lobe,Cuneus,Brodmann area 18,0
15,-80,10,Occipital Lobe,Cuneus,Brodmann area 17,0
15,-75,10,Occipital Lobe,Cuneus,Brodmann area 23,0
15,-70,10,Occipital Lobe,Cuneus,Brodmann area 30,0
15,-65,10,Limbic Lobe,Posterior Cingulate,Brodmann area 30,0
15,-60,10,Limbic Lobe,Posterior Cingulate,Brodmann area 30,0
15,45,10,Limbic Lobe,Anterior Cingulate,Brodmann area 32,0
15,50,10,Frontal Lobe,Medial Frontal Gyrus,Brodmann area 10,0
20,-90,10,Occipital Lobe,Middle Occipital Gyrus,Brodmann area 18,0
20,-85,10,Occipital Lobe,Cuneus,Brodmann area 17,0
20,-80,10,Occipital Lobe,Cuneus,Brodmann area 17,0
20,-75,10,Occipital Lobe,Cuneus,Brodmann area 17,0
20,-70,10,Limbic Lobe,Posterior Cingulate,Brodmann area 30,0
20,-65,10,Limbic Lobe,Posterior Cingulate,Brodmann area 30,0
20,-60,10,Limbic Lobe,Posterior Cingulate,Brodmann area 30,0
20,45,10,Limbic Lobe,Anterior Cingulate,Brodmann area 32,0
20,65,10,Frontal Lobe,Superior Frontal Gyrus,Brodmann area 10,0
25,-95,10,Occipital Lobe,Middle Occipital Gyrus,Brodmann area 18,0
25,-75,10,Occipital Lobe,Cuneus,Brodmann area 30,0
25,-70,10,Limbic Lobe,Posterior Cingulate,Brodmann area 30,0
30,-95,10,Occipital Lobe,Middle Occipital Gyrus,Brodmann area 19,0
30,60,10,Frontal Lobe,Superior Frontal Gyrus,Brodmann area 10,0
35,-85,10,Occipital Lobe,Middle Occipital Gyrus,Brodmann area 19,0
35,-25,10,Sub-lobar,Insula,Brodmann area 13,0
35,5,10,Sub-lobar,Insula,Brodmann area 13,0
35,10,10,Sub-lobar,Insula,Brodmann area 13,0
35,20,10,Sub-lobar,Insula,Brodmann area 13,0
35,50,10,Frontal Lobe,Middle Frontal Gyrus,Brodmann area 10,0
40,-85,10,Occipital Lobe,Middle Occipital Gyrus,Brodmann area 19,0
40,-80,10,Occipital Lobe,Middle Occipital Gyrus,Brodmann area 19,0
40,-40,10,Temporal Lobe,Superior Temporal Gyrus,Brodmann area 41,0
40,-35,10,Temporal Lobe,Transverse Temporal Gyrus,Brodmann area 41,0
40,-30,10,Temporal Lobe,Transverse Temporal Gyrus,Brodmann area 41,0
40,-25,10,Temporal Lobe,Transverse Temporal Gyrus,Brodmann area 41,0
40,-20,10,Sub-lobar,Insula,Brodmann area 13,0
40,-15,10,Sub-lobar,Insula,Brodmann area 13,0
40,-10,10,Sub-lobar,Insula,Brodmann area 13,0
40,-5,10,Sub-lobar,Insula,Brodmann area 13,0
40,0,10,Sub-lobar,Insula,Brodmann area 13,0
40,5,10,Sub-lobar,Insula,Brodmann area 13,0
40,10,10,Sub-lobar,Insula,Brodmann area 13,0
40,15,10,Sub-lobar,Insula,Brodmann area 13,0
40,20,10,Frontal Lobe,Inferior Frontal Gyrus,Brodmann area 13,0
40,25,10,Frontal Lobe,Inferior Frontal Gyrus,Brodmann area 13,0
40,45,10,Frontal Lobe,Middle Frontal Gyrus,Brodmann area 46,0
45,-85,10,Occipital Lobe,Middle Occipital Gyrus,Brodmann area 19,0
45,-80,10,Occipital Lobe,Middle Occipital Gyrus,Brodmann area 19,0
45,-75,10,Temporal Lobe,Middle Temporal Gyrus,Brodmann area 39,0
45,-70,10,Temporal Lobe,Middle Temporal Gyrus,Brodmann area 39,0
45,-60,10,Temporal Lobe,Middle Temporal Gyrus,Brodmann area 39,0
45,-55,10,Temporal Lobe,Superior Temporal Gyrus,Brodmann area 39,0
45,-35,10,Temporal Lobe,Superior Temporal Gyrus,Brodmann area 41,0
45,-30,10,Temporal Lobe,Transverse Temporal Gyrus,Brodmann area 41,0
45,-25,10,Temporal Lobe,Transverse Temporal Gyrus,Brodmann area 41,0
45,-20,10,Temporal Lobe,Superior Temporal Gyrus,Brodmann area 13,0
45,-15,10,Sub-lobar,Insula,Brodmann area 13,0
45,-10,10,Sub-lobar,Insula,Brodmann area 13,0
45,-5,10,Sub-lobar,Insula,Brodmann area 13,0
45,0,10,Frontal Lobe,Precentral Gyrus,Brodmann area 44,0
45,5,10,Frontal Lobe,Precentral Gyrus,Brodmann area 44,0
45,10,10,Frontal Lobe,Precentral Gyrus,Brodmann area 44,0
45,15,10,Frontal Lobe,Precentral Gyrus,Brodmann area 44,0
45,20,10,Frontal Lobe,Inferior Frontal Gyrus,Brodmann area 13,0
45,25,10,Frontal Lobe,Inferior Frontal Gyrus,Brodmann area 13,0
45,40,10,Frontal Lobe,Inferior Frontal Gyrus,Brodmann area 46,0
45,45,10,Frontal Lobe,Middle Frontal Gyrus,Brodmann area 46,0
50,-80,10,Occipital Lobe,Middle Temporal Gyrus,Brodmann area 19,0
50,-75,10,Temporal Lobe,Middle Temporal Gyrus,Brodmann area 39,0
50,-70,10,Temporal Lobe,Middle Temporal Gyrus,Brodmann area 39,0
50,-60,10,Temporal Lobe,Middle Temporal Gyrus,Brodmann area 39,0
50,-55,10,Temporal Lobe,Superior Temporal Gyrus,Brodmann area 39,0
50,-30,10,Temporal Lobe,Superior Temporal Gyrus,Brodmann area 41,0
50,-25,10,Temporal Lobe,Transverse Temporal Gyrus,Brodmann area 41,0
50,-20,10,Temporal Lobe,Transverse Temporal Gyrus,Brodmann area 41,0
50,-15,10,Temporal Lobe,Superior Temporal Gyrus,Brodmann area 22,0
50,-10,10,Frontal Lobe,Precentral Gyrus,Brodmann area 43,0
50,-5,10,Frontal Lobe,Precentral Gyrus,Brodmann area 6,0
50,0,10,Frontal Lobe,Precentral Gyrus,Brodmann area 44,0
50,10,10,Frontal Lobe,Precentral Gyrus,Brodmann area 44,0
50,15,10,Frontal Lobe,Precentral Gyrus,Brodmann area 44,0
50,20,10,Frontal Lobe,Inferior Frontal Gyrus,Brodmann area 45,0
50,25,10,Frontal Lobe,Inferior Frontal Gyrus,Brodmann area 45,0
50,45,10,Frontal Lobe,Middle Frontal Gyrus,Brodmann area 46,0
55,-70,10,Temporal Lobe,Middle Temporal Gyrus,Brodmann area 39,0
55,-60,10,Temporal Lobe,Middle Temporal Gyrus,Brodmann area 39,0
55,-55,10,Temporal Lobe,Superior Temporal Gyrus,Brodmann area 39,0
55,-50,10,Temporal Lobe,Superior Temporal Gyrus,Brodmann area 22,0
55,-30,10,Temporal Lobe,Superior Temporal Gyrus,Brodmann area 41,0
55,-25,10,Temporal Lobe,Transverse Temporal Gyrus,Brodmann area 41,0
55,-20,10,Temporal Lobe,Transverse Temporal Gyrus,Brodmann area 41,0
55,-15,10,Temporal Lobe,Transverse Temporal Gyrus,Brodmann area 41,0
55,-10,10,Frontal Lobe,Precentral Gyrus,Brodmann area 43,0
55,-5,10,Frontal Lobe,Precentral Gyrus,Brodmann area 6,0
55,0,10,Frontal Lobe,Precentral Gyrus,Brodmann area 6,0
55,10,10,Frontal Lobe,Precentral Gyrus,Brodmann area 44,0
55,15,10,Frontal Lobe,Precentral Gyrus,Brodmann area 44,0
55,20,10,Frontal Lobe,Inferior Frontal Gyrus,Brodmann area 45,0
55,25,10,Frontal Lobe,Inferior Frontal Gyrus,Brodmann area 45,0
60,-60,10,Temporal Lobe,Middle Temporal Gyrus,Brodmann area 39,0
60,-55,10,Temporal Lobe,Superior Temporal Gyrus,Brodmann area 22,0
60,-50,10,Temporal Lobe,Superior Temporal Gyrus,Brodmann area 22,0
60,-25,10,Temporal Lobe,Superior Temporal Gyrus,Brodmann area 42,0
60,-20,10,Temporal Lobe,Transverse Temporal Gyrus,Brodmann area 42,0
60,-15,10,Temporal Lobe,Transverse Temporal Gyrus,Brodmann area 42,0
60,-10,10,Temporal Lobe,Transverse Temporal Gyrus,Brodmann area 42,0
60,-5,10,Temporal Lobe,Superior Temporal Gyrus,Brodmann area 22,0
60,0,10,Frontal Lobe,Precentral Gyrus,Brodmann area 6,0
60,5,10,Frontal Lobe,Precentral Gyrus,Brodmann area 44,0
60,10,10,Frontal Lobe,Precentral Gyrus,Brodmann area 44,0
60,20,10,Frontal Lobe,Inferior Frontal Gyrus,Brodmann area 45,0
65,-50,10,Temporal Lobe,Superior Temporal Gyrus,Brodmann area 22,0
65,-45,10,Temporal Lobe,Superior Temporal Gyrus,Brodmann area 22,0
65,-35,10,Temporal Lobe,Superior Temporal Gyrus,Brodmann area 22,0
65,-30,10,Temporal Lobe,Superior Temporal Gyrus,Brodmann area 42,0
65,-25,10,Temporal Lobe,Superior Temporal Gyrus,Brodmann area 42,0
65,-20,10,Temporal Lobe,Superior Temporal Gyrus,Brodmann area 42,0
65,-15,10,Temporal Lobe,Transverse Temporal Gyrus,Brodmann area 42,0
65,-10,10,Temporal Lobe,Transverse Temporal Gyrus,Brodmann area 42,0
65,-5,10,Temporal Lobe,Superior Temporal Gyrus,Brodmann area 22,0
70,-35,10,Temporal Lobe,Superior Temporal Gyrus,Brodmann area 22,0
-65,-55,15,Temporal Lobe,Superior Temporal Gyrus,Brodmann area 22,0
-65,-50,15,Temporal Lobe,Superior Temporal Gyrus,Brodmann area 22,0
-65,-45,15,Temporal Lobe,Superior Temporal Gyrus,Brodmann area 22,0
-65,-40,15,Temporal Lobe,Superior Temporal Gyrus,Brodmann area 22,0
-65,-30,15,Temporal Lobe,Superior Temporal Gyrus,Brodmann area 42,0
-65,-25,15,Temporal Lobe,Superior Temporal Gyrus,Brodmann area 42,0
-65,-20,15,Parietal Lobe,Postcentral Gyrus,Brodmann area 40,0
-65,-15,15,Parietal Lobe,Postcentral Gyrus,Brodmann area 43,0
-65,-10,15,Parietal Lobe,Postcentral Gyrus,Brodmann area 43,0
-60,-60,15,Temporal Lobe,Superior Temporal Gyrus,Brodmann area 22,0
-60,-55,15,Temporal Lobe,Superior Temporal Gyrus,Brodmann area 22,0
-60,-30,15,Temporal Lobe,Superior Temporal Gyrus,Brodmann area 42,0
-60,-25,15,Parietal Lobe,Postcentral Gyrus,Brodmann area 40,0
-60,-10,15,Temporal Lobe,Transverse Temporal Gyrus,Brodmann area 42,0
-60,-5,15,Frontal Lobe,Precentral Gyrus,Brodmann area 4,0
-60,0,15,Frontal Lobe,Precentral Gyrus,Brodmann area 6,0
-60,5,15,Frontal Lobe,Inferior Frontal Gyrus,Brodmann area 44,0
-60,10,15,Frontal Lobe,Precentral Gyrus,Brodmann area 44,0
-55,-70,15,Temporal Lobe,Middle Temporal Gyrus,Brodmann area 39,0
-55,-65,15,Occipital Lobe,Middle Temporal Gyrus,Brodmann area 19,0
-55,-60,15,Temporal Lobe,Superior Temporal Gyrus,Brodmann area 22,0
-55,-35,15,Temporal Lobe,Superior Temporal Gyrus,Brodmann area 42,0
-55,-30,15,Temporal Lobe,Superior Temporal Gyrus,Brodmann area 42,0
-55,-25,15,Parietal Lobe,Postcentral Gyrus,Brodmann area 40,0
-55,-15,15,Parietal Lobe,Postcentral Gyrus,Brodmann area 43,0
-55,-10,15,Frontal Lobe,Precentral Gyrus,Brodmann area 43,0
-55,-5,15,Frontal Lobe,Precentral Gyrus,Brodmann area 4,0
-55,0,15,Frontal Lobe,Precentral Gyrus,Brodmann area 6,0
-55,5,15,Frontal Lobe,Inferior Frontal Gyrus,Brodmann area 44,0
-55,10,15,Frontal Lobe,Precentral Gyrus,Brodmann area 44,0
-55,15,15,Frontal Lobe,Inferior Frontal Gyrus,Brodmann area 44,0
-55,20,15,Frontal Lobe,Inferior Frontal Gyrus,Brodmann area 45,0
-55,25,15,Frontal Lobe,Inferior Frontal Gyrus,Brodmann area 45,0
-50,-75,15,Temporal Lobe,Middle Temporal Gyrus,Brodmann area 39,0
-50,-70,15,Temporal Lobe,Middle Temporal Gyrus,Brodmann area 39,0
-50,-65,15,Occipital Lobe,Middle Temporal Gyrus,Brodmann area 19,0
-50,-60,15,Temporal Lobe,Superior Temporal Gyrus,Brodmann area 22,0
-50,-35,15,Temporal Lobe,Superior Temporal Gyrus,Brodmann area 41,0
-50,-30,15,Temporal Lobe,Superior Temporal Gyrus,Brodmann area 41,0
-50,-25,15,Parietal Lobe,Postcentral Gyrus,Brodmann area 40,0
-50,-15,15,Parietal Lobe,Postcentral Gyrus,Brodmann area 43,0
-50,-10,15,Frontal Lobe,Precentral Gyrus,Brodmann area 43,0
-50,-5,15,Frontal Lobe,Precentral Gyrus,Brodmann area 43,0
-50,10,15,Frontal Lobe,Precentral Gyrus,Brodmann area 44,0
-50,15,15,Frontal Lobe,Inferior Frontal Gyrus,Brodmann area 44,0
-50,20,15,Frontal Lobe,Inferior Frontal Gyrus,Brodmann area 45,0
-45,-65,15,Temporal Lobe,Middle Temporal Gyrus,Brodmann area 39,0
-45,-60,15,Temporal Lobe,Superior Temporal Gyrus,Brodmann area 22,0
-45,-35,15,Temporal Lobe,Superior Temporal Gyrus,Brodmann area 41,0
-45,-30,15,Temporal Lobe,Superior Temporal Gyrus,Brodmann area 41,0
-45,-25,15,Temporal Lobe,Insula,Brodmann area 41,0
-45,-20,15,Sub-lobar,Insula,Brodmann area 13,0
-45,-15,15,Sub-lobar,Insula,Brodmann area 13,0
-45,-10,15,Sub-lobar,Insula,Brodmann area 13,0
-45,-5,15,Sub-lobar,Insula,Brodmann area 13,0
-45,15,15,Frontal Lobe,Inferior Frontal Gyrus,Brodmann area 44,0
-45,20,15,Frontal Lobe,Inferior Frontal Gyrus,Brodmann area 45,0
-45,30,15,Frontal Lobe,Inferior Frontal Gyrus,Brodmann area 46,0
-45,35,15,Frontal Lobe,Inferior Frontal Gyrus,Brodmann area 46,0
-45,40,15,Frontal Lobe,Inferior Frontal Gyrus,Brodmann area 46,0
-45,45,15,Frontal Lobe,Middle Frontal Gyrus,Brodmann area 10,0
-40,-85,15,Temporal Lobe,Middle Temporal Gyrus,Brodmann area 19,0
-40,-65,15,Temporal Lobe,Middle Temporal Gyrus,Brodmann area 39,0
-40,-60,15,Temporal Lobe,Middle Temporal Gyrus,Brodmann area 22,0
-40,-30,15,Sub-lobar,Insula,Brodmann area 13,0
-40,-20,15,Sub-lobar,Insula,Brodmann area 13,0
-40,-15,15,Sub-lobar,Insula,Brodmann area 13,0
-40,-10,15,Sub-lobar,Insula,Brodmann area 13,0
-40,-5,15,Sub-lobar,Insula,Brodmann area 13,0
-40,0,15,Sub-lobar,Insula,Brodmann area 13,0
-40,5,15,Sub-lobar,Insula,Brodmann area 13,0
-40,10,15,Sub-lobar,Insula,Brodmann area 13,0
-40,15,15,Sub-lobar,Insula,Brodmann area 13,0
-40,20,15,Frontal Lobe,Inferior Frontal Gyrus,Brodmann area 45,0
-40,35,15,Frontal Lobe,Inferior Frontal Gyrus,Brodmann area 46,0
-40,40,15,Frontal Lobe,Middle Frontal Gyrus,Brodmann area 10,0
-40,45,15,Frontal Lobe,Middle Frontal Gyrus,Brodmann area 10,0
-40,50,15,Frontal Lobe,Middle Frontal Gyrus,Brodmann area 10,0
-35,-90,15,Occipital Lobe,Middle Occipital Gyrus,Brodmann area 19,0
-35,-85,15,Occipital Lobe,Middle Occipital Gyrus,Brodmann area 19,0
-35,-60,15,Occipital Lobe,Middle Temporal Gyrus,Brodmann area 19,0
-35,-35,15,Temporal Lobe,Superior Temporal Gyrus,Brodmann area 41,0
-35,-30,15,Sub-lobar,Insula,Brodmann area 13,0
-35,-25,15,Sub-lobar,Insula,Brodmann area 13,0
-35,-20,15,Sub-lobar,Insula,Brodmann area 13,0
-35,-15,15,Sub-lobar,Insula,Brodmann area 13,0
-35,-10,15,Sub-lobar,Insula,Brodmann area 13,0
-35,-5,15,Sub-lobar,Insula,Brodmann area 13,0
-35,0,15,Sub-lobar,Insula,Brodmann area 13,0
-35,5,15,Sub-lobar,Insula,Brodmann area 13,0
-35,10,15,Sub-lobar,Insula,Brodmann area 13,0
-35,15,15,Sub-lobar,Insula,Brodmann area 13,0
-35,20,15,Sub-lobar,Insula,Brodmann area 13,0
-35,35,15,Frontal Lobe,Inferior Frontal Gyrus,Brodmann area 46,0
-35,40,15,Frontal Lobe,Middle Frontal Gyrus,Brodmann area 10,0
-35,45,15,Frontal Lobe,Middle Frontal Gyrus,Brodmann area 10,0
-35,50,15,Frontal Lobe,Middle Frontal Gyrus,Brodmann area 10,0
-30,-95,15,Occipital Lobe,Middle Occipital Gyrus,Brodmann area 19,0
-30,-90,15,Occipital Lobe,Middle Occipital Gyrus,Brodmann area 19,0
-30,-85,15,Occipital Lobe,Middle Occipital Gyrus,Brodmann area 19,0
-30,-80,15,Occipital Lobe,Middle Occipital Gyrus,Brodmann area 19,0
-30,-30,15,Sub-lobar,Insula,Brodmann area 13,0
-30,-25,15,Sub-lobar,Insula,Brodmann area 13,0
-30,15,15,Sub-lobar,Insula,Brodmann area 13,0
-30,20,15,Sub-lobar,Insula,Brodmann area 13,0
-25,-95,15,Occipital Lobe,Middle Occipital Gyrus,Brodmann area 18,0
-25,-80,15,Occipital Lobe,Cuneus,Brodmann area 18,0
-25,-75,15,Occipital Lobe,Precuneus,Brodmann area 31,0
-25,-70,15,Limbic Lobe,Posterior Cingulate,Brodmann area 18,0
-25,60,15,Frontal Lobe,Middle Frontal Gyrus,Brodmann area 10,0
-20,-95,15,Occipital Lobe,Cuneus,Brodmann area 18,0
-20,-90,15,Occipital Lobe,Cuneus,Brodmann area 18,0
-20,-80,15,Occipital Lobe,Cuneus,Brodmann area 18,0
-20,-75,15,Occipital Lobe,Precuneus,Brodmann area 31,0
-20,-70,15,Occipital Lobe,Cuneus,Brodmann area 18,0
-20,-65,15,Limbic Lobe,Posterior Cingulate,Brodmann area 31,0
-20,40,15,Frontal Lobe,Medial Frontal Gyrus,Brodmann area 32,0
-15,-100,15,Occipital Lobe,Cuneus,Brodmann area 18,0
-15,-95,15,Occipital Lobe,Cuneus,Brodmann area 18,0
-15,-90,15,Occipital Lobe,Middle Occipital Gyrus,Brodmann area 18,0
-15,-85,15,Occipital Lobe,Cuneus,Brodmann area 18,0
-15,-80,15,Occipital Lobe,Cuneus,Brodmann area 18,0
-15,-75,15,Occipital Lobe,Cuneus,Brodmann area 18,0
-15,-70,15,Occipital Lobe,Cuneus,Brodmann area 18,0
-15,40,15,Limbic Lobe,Anterior Cingulate,Brodmann area 32,0
-15,65,15,Frontal Lobe,Superior Frontal Gyrus,Brodmann area 10,0
-10,-100,15,Occipital Lobe,Cuneus,Brodmann area 18,0
-10,-95,15,Occipital Lobe,Cuneus,Brodmann area 18,0
-10,-90,15,Occipital Lobe,Cuneus,Brodmann area 18,0
-10,-85,15,Occipital Lobe,Cuneus,Brodmann area 18,0
-10,-80,15,Occipital Lobe,Cuneus,Brodmann area 18,0
-10,-75,15,Occipital Lobe,Cuneus,Brodmann area 18,0
-10,-70,15,Limbic Lobe,Posterior Cingulate,Brodmann area 31,0
-10,40,15,Limbic Lobe,Anterior Cingulate,Brodmann area 32,0
-10,45,15,Frontal Lobe,Medial Frontal Gyrus,Brodmann area 10,0
-10,50,15,Frontal Lobe,Medial Frontal Gyrus,Brodmann area 10,0
-10,55,15,Frontal Lobe,Medial Frontal Gyrus,Brodmann area 10,0
-10,65,15,Frontal Lobe,Medial Frontal Gyrus,Brodmann area 10,0
-5,-100,15,Occipital Lobe,Cuneus,Brodmann area 18,0
-5,-95,15,Occipital Lobe,Cuneus,Brodmann area 18,0
-5,-90,15,Occipital Lobe,Cuneus,Brodmann area 18,0
-5,-85,15,Occipital Lobe,Cuneus,Brodmann area 18,0
-5,-75,15,Occipital Lobe,Cuneus,Brodmann area 18,0
-5,-70,15,Limbic Lobe,Posterior Cingulate,Brodmann area 31,0
-5,-60,15,Limbic Lobe,Posterior Cingulate,Brodmann area 23,0
-5,-55,15,Limbic Lobe,Posterior Cingulate,Brodmann area 30,0
-5,-50,15,Limbic Lobe,Posterior Cingulate,Brodmann area 30,0
-5,25,15,Limbic Lobe,Anterior Cingulate,Brodmann area 24,0
-5,30,15,Limbic Lobe,Anterior Cingulate,Brodmann area 24,0
-5,35,15,Limbic Lobe,Anterior Cingulate,Brodmann area 32,0
-5,40,15,Limbic Lobe,Anterior Cingulate,Brodmann area 32,0
-5,45,15,Limbic Lobe,Anterior Cingulate,Brodmann area 32,0
-5,50,15,Frontal Lobe,Medial Frontal Gyrus,Brodmann area 10,0
-5,55,15,Frontal Lobe,Medial Frontal Gyrus,Brodmann area 10,0
-5,60,15,Frontal Lobe,Medial Frontal Gyrus,Brodmann area 10,0
-5,65,15,Frontal Lobe,Medial Frontal Gyrus,Brodmann area 10,0
0,-95,15,Occipital Lobe,Cuneus,Brodmann area 18,0
0,-90,15,Occipital Lobe,Cuneus,Brodmann area 18,0
0,-85,15,Occipital Lobe,Cuneus,Brodmann area 18,0
0,-80,15,Occipital Lobe,Cuneus,Brodmann area 18,0
0,-75,15,Occipital Lobe,Cuneus,Brodmann area 18,0
0,-70,15,Occipital Lobe,Precuneus,Brodmann area 31,0
0,-65,15,Limbic Lobe,Posterior Cingulate,Brodmann area 23,0
0,-60,15,Limbic Lobe,Posterior Cingulate,Brodmann area 23,0
0,-55,15,Limbic Lobe,Posterior Cingulate,Brodmann area 23,0
0,-50,15,Limbic Lobe,Posterior Cingulate,Brodmann area 30,0
0,30,15,Limbic Lobe,Anterior Cingulate,Brodmann area 24,0
5,-100,15,Occipital Lobe,Cuneus,Brodmann area 18,0
5,-95,15,Occipital Lobe,Cuneus,Brodmann area 18,0
5,-90,15,Occipital Lobe,Cuneus,Brodmann area 18,0
5,-85,15,Occipital Lobe,Cuneus,Brodmann area 18,0
5,-80,15,Occipital Lobe,Cuneus,Brodmann area 18,0
5,-75,15,Occipital Lobe,Cuneus,Brodmann area 18,0
5,-70,15,Limbic Lobe,Posterior Cingulate,Brodmann area 31,0
5,-65,15,Limbic Lobe,Posterior Cingulate,Brodmann area 23,0
5,-60,15,Limbic Lobe,Posterior Cingulate,Brodmann area 23,0
5,-55,15,Limbic Lobe,Posterior Cingulate,Brodmann area 23,0
5,-50,15,Limbic Lobe,Posterior Cingulate,Brodmann area 30,0
5,25,15,Limbic Lobe,Anterior Cingulate,Brodmann area 24,0
5,30,15,Limbic Lobe,Anterior Cingulate,Brodmann area 24,0
5,35,15,Limbic Lobe,Anterior Cingulate,Brodmann area 32,2
5,40,15,Limbic Lobe,Anterior Cingulate,Brodmann area 32,2
5,45,15,Limbic Lobe,Anterior Cingulate,Brodmann area 32,2
5,50,15,Frontal Lobe,Medial Frontal Gyrus,Brodmann area 10,2
5,55,15,Frontal Lobe,Medial Frontal Gyrus,Brodmann area 10,0
5,60,15,Frontal Lobe,Medial Frontal Gyrus,Brodmann area 10,0
5,65,15,Frontal Lobe,*,Brodmann area 10,0
10,-100,15,Occipital Lobe,Cuneus,Brodmann area 18,0
10,-95,15,Occipital Lobe,Cuneus,Brodmann area 18,0
10,-90,15,Occipital Lobe,Cuneus,Brodmann area 18,0
10,-85,15,Occipital Lobe,Cuneus,Brodmann area 18,0
10,-80,15,Occipital Lobe,Cuneus,Brodmann area 18,0
10,-75,15,Occipital Lobe,Cuneus,Brodmann area 18,0
10,-70,15,Limbic Lobe,Posterior Cingulate,Brodmann area 31,0
10,-55,15,Limbic Lobe,Posterior Cingulate,Brodmann area 23,0
10,35,15,Limbic Lobe,Anterior Cingulate,Brodmann area 32,0
10,40,15,Limbic Lobe,Anterior Cingulate,Brodmann area 32,2
10,45,15,Frontal Lobe,Medial Frontal Gyrus,Brodmann area 10,2
10,50,15,Frontal Lobe,Medial Frontal Gyrus,Brodmann area 10,0
10,55,15,Frontal Lobe,Medial Frontal Gyrus,Brodmann area 10,0
10,65,15,Frontal Lobe,Medial Frontal Gyrus,Brodmann area 10,0
15,-100,15,Occipital Lobe,Cuneus,Brodmann area 18,0
15,-95,15,Occipital Lobe,Cuneus,Brodmann area 18,0
15,-90,15,Occipital Lobe,Middle Occipital Gyrus,Brodmann area 18,0
15,-85,15,Occipital Lobe,Cuneus,Brodmann area 18,0
15,-80,15,Occipital Lobe,Cuneus,Brodmann area 18,0
15,-75,15,Occipital Lobe,Cuneus,Brodmann area 18,0
15,-70,15,Occipital Lobe,Cuneus,Brodmann area 18,0
15,40,15,Limbic Lobe,Anterior Cingulate,Brodmann area 32,0
15,65,15,Frontal Lobe,Superior Frontal Gyrus,Brodmann area 10,0
20,-95,15,Occipital Lobe,Cuneus,Brodmann area 18,0
20,-90,15,Occipital Lobe,Cuneus,Brodmann area 18,0
20,-85,15,Occipital Lobe,Cuneus,Brodmann area 18,0
20,-80,15,Occipital Lobe,Cuneus,Brodmann area 18,0
20,-75,15,Occipital Lobe,Precuneus,Brodmann area 31,0
20,-70,15,Occipital Lobe,Cuneus,Brodmann area 18,0
20,-65,15,Limbic Lobe,Posterior Cingulate,Brodmann area 31,0
20,40,15,Limbic Lobe,Anterior Cingulate,Brodmann area 32,0
25,-95,15,Occipital Lobe,Middle Occipital Gyrus,Brodmann area 18,0
25,-90,15,Occipital Lobe,Middle Occipital Gyrus,Brodmann area 18,0
25,-80,15,Occipital Lobe,Cuneus,Brodmann area 18,0
25,-75,15,Occipital Lobe,Precuneus,Brodmann area 31,0
25,-70,15,Occipital Lobe,Cuneus,Brodmann area 18,0
25,60,15,Frontal Lobe,Superior Frontal Gyrus,Brodmann area 10,0
30,-95,15,Occipital Lobe,Middle Occipital Gyrus,Brodmann area 19,0
30,-90,15,Occipital Lobe,Middle Occipital Gyrus,Brodmann area 19,0
30,-85,15,Occipital Lobe,Middle Occipital Gyrus,Brodmann area 19,0
30,-80,15,Occipital Lobe,Middle Occipital Gyrus,Brodmann area 19,0
30,-30,15,Sub-lobar,Insula,Brodmann area 13,0
30,-25,15,Sub-lobar,Insula,Brodmann area 13,0
30,15,15,Sub-lobar,Insula,Brodmann area 13,0
30,20,15,Sub-lobar,Insula,Brodmann area 13,0
30,60,15,Frontal Lobe,Middle Frontal Gyrus,Brodmann area 10,0
35,-90,15,Occipital Lobe,Middle Occipital Gyrus,Brodmann area 19,0
35,-85,15,Occipital Lobe,Middle Occipital Gyrus,Brodmann area 19,0
35,-35,15,Temporal Lobe,Superior Temporal Gyrus,Brodmann area 41,0
35,-30,15,Sub-lobar,Insula,Brodmann area 13,0
35,-25,15,Sub-lobar,Insula,Brodmann area 13,0
35,-20,15,Sub-lobar,Insula,Brodmann area 13,0
35,-10,15,Sub-lobar,Insula,Brodmann area 13,0
35,-5,15,Sub-lobar,Insula,Brodmann area 13,0
35,0,15,Sub-lobar,Insula,Brodmann area 13,0
35,5,15,Sub-lobar,Insula,Brodmann area 13,0
35,10,15,Sub-lobar,Insula,Brodmann area 13,0
35,15,15,Sub-lobar,Insula,Brodmann area 13,0
35,20,15,Sub-lobar,Insula,Brodmann area 13,0
35,35,15,Frontal Lobe,Inferior Frontal Gyrus,Brodmann area 46,0
35,40,15,Frontal Lobe,Middle Frontal Gyrus,Brodmann area 10,0
35,45,15,Frontal Lobe,Middle Frontal Gyrus,Brodmann area 10,0
40,-85,15,Temporal Lobe,Middle Temporal Gyrus,Brodmann area 19,0
40,-60,15,Occipital Lobe,Middle Temporal Gyrus,Brodmann area 22,0
40,-35,15,Temporal Lobe,Superior Temporal Gyrus,Brodmann area 41,0
40,-30,15,Sub-lobar,Insula,Brodmann area 13,0
40,-20,15,Sub-lobar,Insula,Brodmann area 13,0
40,-15,15,Sub-lobar,Insula,Brodmann area 13,0
40,-10,15,Sub-lobar,Insula,Brodmann area 13,0
40,-5,15,Sub-lobar,Insula,Brodmann area 13,0
40,0,15,Sub-lobar,Insula,Brodmann area 13,0
40,5,15,Sub-lobar,Insula,Brodmann area 13,0
40,10,15,Sub-lobar,Insula,Brodmann area 13,0
40,15,15,Sub-lobar,Insula,Brodmann area 13,0
40,35,15,Frontal Lobe,Inferior Frontal Gyrus,Brodmann area 46,0
40,40,15,Frontal Lobe,Middle Frontal Gyrus,Brodmann area 10,0
40,45,15,Frontal Lobe,Middle Frontal Gyrus,Brodmann area 10,0
40,50,15,Frontal Lobe,Middle Frontal Gyrus,Brodmann area 10,0
45,-85,15,Temporal Lobe,Middle Temporal Gyrus,Brodmann area 19,0
45,-65,15,Temporal Lobe,Middle Temporal Gyrus,Brodmann area 39,0
45,-60,15,Temporal Lobe,Superior Temporal Gyrus,Brodmann area 22,0
45,-35,15,Temporal Lobe,Superior Temporal Gyrus,Brodmann area 41,0
45,-30,15,Temporal Lobe,Superior Temporal Gyrus,Brodmann area 41,0
45,-25,15,Sub-lobar,Insula,Brodmann area 41,0
45,-20,15,Sub-lobar,Insula,Brodmann area 13,0
45,-15,15,Sub-lobar,Insula,Brodmann area 13,0
45,-10,15,Sub-lobar,Insula,Brodmann area 13,0
45,-5,15,Sub-lobar,Insula,Brodmann area 13,0
45,15,15,Frontal Lobe,Inferior Frontal Gyrus,Brodmann area 44,0
45,20,15,Frontal Lobe,Inferior Frontal Gyrus,Brodmann area 45,0
45,30,15,Frontal Lobe,Inferior Frontal Gyrus,Brodmann area 46,0
45,35,15,Frontal Lobe,Inferior Frontal Gyrus,Brodmann area 46,0
45,40,15,Frontal Lobe,Inferior Frontal Gyrus,Brodmann area 46,0
45,45,15,Frontal Lobe,Middle Frontal Gyrus,Brodmann area 10,0
45,50,15,Frontal Lobe,Middle Frontal Gyrus,Brodmann area 10,0
50,-70,15,Temporal Lobe,Middle Temporal Gyrus,Brodmann area 39,0
50,-65,15,Occipital Lobe,Middle Temporal Gyrus,Brodmann area 19,0
50,-60,15,Temporal Lobe,Superior Temporal Gyrus,Brodmann area 22,0
50,-35,15,Temporal Lobe,Superior Temporal Gyrus,Brodmann area 41,0
50,-30,15,Temporal Lobe,Superior Temporal Gyrus,Brodmann area 41,0
50,-25,15,Sub-lobar,Insula,Brodmann area 40,0
50,-15,15,Parietal Lobe,Postcentral Gyrus,Brodmann area 43,0
50,-10,15,Frontal Lobe,Precentral Gyrus,Brodmann area 43,0
50,-5,15,Frontal Lobe,Precentral Gyrus,Brodmann area 43,0
50,10,15,Frontal Lobe,Precentral Gyrus,Brodmann area 44,0
50,15,15,Frontal Lobe,Inferior Frontal Gyrus,Brodmann area 44,0
50,20,15,Frontal Lobe,Inferior Frontal Gyrus,Brodmann area 45,0
50,40,15,Frontal Lobe,Inferior Frontal Gyrus,Brodmann area 46,0
55,-70,15,Temporal Lobe,Middle Temporal Gyrus,Brodmann area 39,0
55,-65,15,Occipital Lobe,Middle Temporal Gyrus,Brodmann area 19,0
55,-60,15,Temporal Lobe,Superior Temporal Gyrus,Brodmann area 22,0
55,-35,15,Temporal Lobe,Superior Temporal Gyrus,Brodmann area 42,0
55,-30,15,Temporal Lobe,Superior Temporal Gyrus,Brodmann area 42,0
55,-25,15,Parietal Lobe,Postcentral Gyrus,Brodmann area 40,0
55,-10,15,Frontal Lobe,Precentral Gyrus,Brodmann area 43,0
55,-5,15,Frontal Lobe,Precentral Gyrus,Brodmann area 4,0
55,0,15,Frontal Lobe,Precentral Gyrus,Brodmann area 6,0
55,5,15,Frontal Lobe,Inferior Frontal Gyrus,Brodmann area 44,0
55,10,15,Frontal Lobe,Precentral Gyrus,Brodmann area 44,0
55,15,15,Frontal Lobe,Inferior Frontal Gyrus,Brodmann area 44,0
55,20,15,Frontal Lobe,Inferior Frontal Gyrus,Brodmann area 45,0
55,25,15,Frontal Lobe,Inferior Frontal Gyrus,Brodmann area 45,0
55,30,15,Frontal Lobe,Inferior Frontal Gyrus,Brodmann area 46,0
60,-60,15,Temporal Lobe,Superior Temporal Gyrus,Brodmann area 22,0
60,-30,15,Temporal Lobe,Superior Temporal Gyrus,Brodmann area 42,0
60,-25,15,Parietal Lobe,Postcentral Gyrus,Brodmann area 40,0
60,-10,15,Temporal Lobe,Transverse Temporal Gyrus,Brodmann area 42,0
60,-5,15,Frontal Lobe,Precentral Gyrus,Brodmann area 4,0
60,0,15,Frontal Lobe,Precentral Gyrus,Brodmann area 6,0
60,5,15,Frontal Lobe,Inferior Frontal Gyrus,Brodmann area 44,0
60,10,15,Frontal Lobe,Precentral Gyrus,Brodmann area 44,0
60,15,15,Frontal Lobe,Inferior Frontal Gyrus,Brodmann area 44,0
60,20,15,Frontal Lobe,Inferior Frontal Gyrus,Brodmann area 45,0
65,-45,15,Temporal Lobe,Superior Temporal Gyrus,Brodmann area 22,0
65,-40,15,Temporal Lobe,Superior Temporal Gyrus,Brodmann area 22,0
65,-30,15,Temporal Lobe,Superior Temporal Gyrus,Brodmann area 42,0
65,-25,15,Temporal Lobe,Superior Temporal Gyrus,Brodmann area 42,0
65,-20,15,Parietal Lobe,Postcentral Gyrus,Brodmann area 40,0
65,-15,15,Parietal Lobe,Postcentral Gyrus,Brodmann area 43,0
65,-10,15,Parietal Lobe,Postcentral Gyrus,Brodmann area 43,0
65,-5,15,Parietal Lobe,Postcentral Gyrus,Brodmann area 43,0
65,0,15,Frontal Lobe,Precentral Gyrus,Brodmann area 6,0
-65,-50,20,Temporal Lobe,Superior Temporal Gyrus,Brodmann area 22,0
-65,-45,20,Temporal Lobe,Superior Temporal Gyrus,Brodmann area 22,0
-65,-40,20,Temporal Lobe,Superior Temporal Gyrus,Brodmann area 22,0
-65,-35,20,Temporal Lobe,Superior Temporal Gyrus,Brodmann area 42,0
-65,-30,20,Parietal Lobe,Postcentral Gyrus,Brodmann area 40,0
-65,-25,20,Parietal Lobe,Postcentral Gyrus,Brodmann area 40,0
-65,-20,20,Parietal Lobe,Postcentral Gyrus,Brodmann area 43,0
-65,-15,20,Parietal Lobe,Postcentral Gyrus,Brodmann area 43,0
-65,-10,20,Parietal Lobe,Postcentral Gyrus,Brodmann area 43,0
-60,-60,20,Temporal Lobe,Superior Temporal Gyrus,Brodmann area 22,0
-60,-55,20,Temporal Lobe,Supramarginal Gyrus,Brodmann area 40,0
-60,-50,20,Temporal Lobe,Supramarginal Gyrus,Brodmann area 40,0
-60,-45,20,Parietal Lobe,Inferior Parietal Lobule,Brodmann area 40,0
-60,-40,20,Temporal Lobe,Superior Temporal Gyrus,Brodmann area 22,0
-60,-35,20,Temporal Lobe,Superior Temporal Gyrus,Brodmann area 42,0
-60,-30,20,Parietal Lobe,Postcentral Gyrus,Brodmann area 40,0
-60,-10,20,Parietal Lobe,Postcentral Gyrus,Brodmann area 43,0
-60,-5,20,Frontal Lobe,Precentral Gyrus,Brodmann area 4,0
-60,0,20,Frontal Lobe,Precentral Gyrus,Brodmann area 6,0
-60,5,20,Frontal Lobe,Inferior Frontal Gyrus,Brodmann area 44,0
-60,10,20,Frontal Lobe,Inferior Frontal Gyrus,Brodmann area 45,0
-60,15,20,Frontal Lobe,Inferior Frontal Gyrus,Brodmann area 45,0
-55,-65,20,Temporal Lobe,Superior Temporal Gyrus,Brodmann area 39,0
-55,-60,20,Temporal Lobe,Superior Temporal Gyrus,Brodmann area 39,0
-55,-50,20,Temporal Lobe,Supramarginal Gyrus,Brodmann area 40,0
-55,-45,20,Temporal Lobe,Superior Temporal Gyrus,Brodmann area 13,0
-55,-40,20,Sub-lobar,Insula,Brodmann area 13,0
-55,-35,20,Sub-lobar,Insula,Brodmann area 13,0
-55,-30,20,Parietal Lobe,Postcentral Gyrus,Brodmann area 40,0
-55,-10,20,Parietal Lobe,Postcentral Gyrus,Brodmann area 43,0
-55,-5,20,Frontal Lobe,Precentral Gyrus,Brodmann area 4,0
-55,0,20,Frontal Lobe,Precentral Gyrus,Brodmann area 6,0
-55,5,20,Frontal Lobe,Inferior Frontal Gyrus,Brodmann area 44,0
-55,10,20,Frontal Lobe,Inferior Frontal Gyrus,Brodmann area 45,0
-55,15,20,Frontal Lobe,Inferior Frontal Gyrus,Brodmann area 44,0
-55,20,20,Frontal Lobe,Inferior Frontal Gyrus,Brodmann area 45,0
-55,25,20,Frontal Lobe,Inferior Frontal Gyrus,Brodmann area 45,0
-50,-75,20,Temporal Lobe,Middle Temporal Gyrus,Brodmann area 39,0
-50,-70,20,Temporal Lobe,Middle Temporal Gyrus,Brodmann area 39,0
-50,-65,20,Temporal Lobe,Middle Temporal Gyrus,Brodmann area 39,0
-50,-60,20,Temporal Lobe,Superior Temporal Gyrus,Brodmann area 39,0
-50,-50,20,Temporal Lobe,Supramarginal Gyrus,Brodmann area 40,0
-50,-45,20,Temporal Lobe,Superior Temporal Gyrus,Brodmann area 13,0
-50,-35,20,Sub-lobar,Insula,Brodmann area 13,0
-50,-30,20,Sub-lobar,Insula,Brodmann area 13,0
-50,-5,20,Frontal Lobe,Precentral Gyrus,Brodmann area 6,0
-50,0,20,Frontal Lobe,Inferior Frontal Gyrus,Brodmann area 44,0
-50,10,20,Frontal Lobe,Inferior Frontal Gyrus,Brodmann area 44,0
-50,15,20,Frontal Lobe,Inferior Frontal Gyrus,Brodmann area 44,0
-50,20,20,Frontal Lobe,Inferior Frontal Gyrus,Brodmann area 45,0
-50,25,20,Frontal Lobe,Inferior Frontal Gyrus,Brodmann area 45,0
-50,30,20,Frontal Lobe,Inferior Frontal Gyrus,Brodmann area 46,0
-45,-80,20,Temporal Lobe,Middle Temporal Gyrus,Brodmann area 39,0
-45,-65,20,Temporal Lobe,Middle Temporal Gyrus,Brodmann area 39,0
-45,-60,20,Temporal Lobe,Superior Temporal Gyrus,Brodmann area 39,0
-45,-45,20,Temporal Lobe,Superior Temporal Gyrus,Brodmann area 13,0
-45,-40,20,Sub-lobar,Insula,Brodmann area 13,0
-45,-35,20,Sub-lobar,Insula,Brodmann area 13,0
-45,-30,20,Sub-lobar,Insula,Brodmann area 13,0
-45,-25,20,Sub-lobar,Insula,Brodmann area 13,0
-45,30,20,Frontal Lobe,Middle Frontal Gyrus,Brodmann area 46,0
-45,35,20,Frontal Lobe,Middle Frontal Gyrus,Brodmann area 46,0
-45,40,20,Frontal Lobe,Middle Frontal Gyrus,Brodmann area 46,0
-45,45,20,Frontal Lobe,Middle Frontal Gyrus,Brodmann area 46,0
-40,-85,20,Temporal Lobe,Middle Temporal Gyrus,Brodmann area 19,0
-40,-65,20,Temporal Lobe,Middle Temporal Gyrus,Brodmann area 39,0
-40,-60,20,Temporal Lobe,Middle Temporal Gyrus,Brodmann area 39,0
-40,-55,20,Temporal Lobe,Superior Temporal Gyrus,Brodmann area 22,0
-40,-45,20,Sub-lobar,Insula,Brodmann area 13,0
-40,-40,20,Sub-lobar,Insula,Brodmann area 13,0
-40,-35,20,Sub-lobar,Insula,Brodmann area 13,0
-40,-30,20,Sub-lobar,Insula,Brodmann area 13,0
-40,-25,20,Sub-lobar,Insula,Brodmann area 13,0
-40,35,20,Frontal Lobe,Middle Frontal Gyrus,Brodmann area 46,0
-40,50,20,Frontal Lobe,Middle Frontal Gyrus,Brodmann area 46,0
-35,-90,20,Occipital Lobe,Superior Occipital Gyrus,Brodmann area 19,0
-35,-85,20,Temporal Lobe,Middle Temporal Gyrus,Brodmann area 19,0
-35,-60,20,Temporal Lobe,Middle Temporal Gyrus,Brodmann area 39,0
-35,-55,20,Temporal Lobe,Superior Temporal Gyrus,Brodmann area 22,0
-35,-40,20,Sub-lobar,Insula,Brodmann area 13,0
-35,-35,20,Sub-lobar,Insula,Brodmann area 13,0
-35,-30,20,Sub-lobar,Insula,Brodmann area 13,0
-35,-25,20,Sub-lobar,Insula,Brodmann area 13,0
-35,-20,20,Sub-lobar,Insula,Brodmann area 13,0
-35,-15,20,Sub-lobar,Insula,Brodmann area 13,0
-35,-10,20,Sub-lobar,Insula,Brodmann area 13,0
-35,-5,20,Sub-lobar,Insula,Brodmann area 13,0
-35,0,20,Sub-lobar,Insula,Brodmann area 13,0
-35,5,20,Sub-lobar,Insula,Brodmann area 13,0
-35,55,20,Frontal Lobe,Superior Frontal Gyrus,Brodmann area 10,0
-30,-90,20,Occipital Lobe,Superior Occipital Gyrus,Brodmann area 19,0
-30,-80,20,Occipital Lobe,Middle Occipital Gyrus,Brodmann area 19,0
-30,-40,20,Sub-lobar,Insula,Brodmann area 13,0
-30,-35,20,Sub-lobar,Insula,Brodmann area 13,0
-30,-30,20,Sub-lobar,Insula,Brodmann area 13,0
-30,55,20,Frontal Lobe,Superior Frontal Gyrus,Brodmann area 10,0
-25,-95,20,Occipital Lobe,Cuneus,Brodmann area 19,0
-25,-80,20,Occipital Lobe,Cuneus,Brodmann area 18,0
-25,-75,20,Occipital Lobe,Precuneus,Brodmann area 31,0
-25,60,20,Frontal Lobe,Superior Frontal Gyrus,Brodmann area 10,0
-20,-95,20,Occipital Lobe,Cuneus,Brodmann area 19,0
-20,-90,20,Occipital Lobe,Cuneus,Brodmann area 18,0
-20,-80,20,Occipital Lobe,Cuneus,Brodmann area 18,0
-20,-75,20,Occipital Lobe,Precuneus,Brodmann area 31,0
-20,-70,20,Occipital Lobe,Precuneus,Brodmann area 31,0
-20,35,20,Frontal Lobe,Medial Frontal Gyrus,Brodmann area 9,0
-20,40,20,Frontal Lobe,Medial Frontal Gyrus,Brodmann area 9,0
-15,-95,20,Occipital Lobe,Cuneus,Brodmann area 19,0
-15,-90,20,Occipital Lobe,Cuneus,Brodmann area 18,0
-15,-80,20,Occipital Lobe,Cuneus,Brodmann area 18,0
-15,-75,20,Parietal Lobe,Precuneus,Brodmann area 31,0
-15,-70,20,Parietal Lobe,Precuneus,Brodmann area 31,0
-15,35,20,Limbic Lobe,Anterior Cingulate,Brodmann area 32,0
-15,40,20,Frontal Lobe,Medial Frontal Gyrus,Brodmann area 9,0
-10,-100,20,Occipital Lobe,Cuneus,Brodmann area 19,0
-10,-95,20,Occipital Lobe,Cuneus,Brodmann area 19,0
-10,-90,20,Occipital Lobe,Cuneus,Brodmann area 18,0
-10,-80,20,Occipital Lobe,Cuneus,Brodmann area 18,0
-10,-75,20,Occipital Lobe,Cuneus,Brodmann area 18,0
-10,-70,20,Occipital Lobe,Precuneus,Brodmann area 31,0
-10,-60,20,Parietal Lobe,Precuneus,Brodmann area 31,0
-10,35,20,Limbic Lobe,Anterior Cingulate,Brodmann area 32,0
-10,40,20,Frontal Lobe,Medial Frontal Gyrus,Brodmann area 9,0
-5,-100,20,Occipital Lobe,Cuneus,Brodmann area 18,0
-5,-95,20,Occipital Lobe,Cuneus,Brodmann area 19,0
-5,-90,20,Occipital Lobe,Cuneus,Brodmann area 18,0
-5,-80,20,Occipital Lobe,Cuneus,Brodmann area 18,0
-5,-75,20,Parietal Lobe,Precuneus,Brodmann area 31,0
-5,-70,20,Occipital Lobe,Precuneus,Brodmann area 31,0
-5,-65,20,Parietal Lobe,Precuneus,Brodmann area 31,0
-5,-60,20,Limbic Lobe,Posterior Cingulate,Brodmann area 31,0
-5,-55,20,Limbic Lobe,Posterior Cingulate,Brodmann area 31,0
-5,-50,20,Limbic Lobe,Posterior Cingulate,Brodmann area 30,0
-5,20,20,Limbic Lobe,Anterior Cingulate,Brodmann area 33,0
-5,25,20,Limbic Lobe,Anterior Cingulate,Brodmann area 24,0
-5,30,20,Limbic Lobe,Anterior Cingulate,Brodmann area 24,0
-5,35,20,Limbic Lobe,Anterior Cingulate,Brodmann area 32,0
-5,40,20,Limbic Lobe,Anterior Cingulate,Brodmann area 32,0
-5,45,20,Frontal Lobe,Medial Frontal Gyrus,Brodmann area 9,0
-5,50,20,Frontal Lobe,Medial Frontal Gyrus,Brodmann area 9,0
-5,55,20,Frontal Lobe,Medial Frontal Gyrus,Brodmann area 9,0
-5,60,20,Frontal Lobe,Medial Frontal Gyrus,Brodmann area 10,0
-5,65,20,Frontal Lobe,Medial Frontal Gyrus,Brodmann area 10,0
0,-90,20,Occipital Lobe,Cuneus,Brodmann area 18,0
0,-85,20,Occipital Lobe,Cuneus,Brodmann area 18,0
0,-80,20,Occipital Lobe,Cuneus,Brodmann area 18,0
0,-75,20,Occipital Lobe,Cuneus,Brodmann area 18,0
0,-70,20,Parietal Lobe,Precuneus,Brodmann area 31,0
0,-65,20,Occipital Lobe,Precuneus,Brodmann area 23,0
0,-60,20,Occipital Lobe,Precuneus,Brodmann area 23,0
0,-55,20,Limbic Lobe,Posterior Cingulate,Brodmann area 23,0
0,-50,20,Limbic Lobe,Posterior Cingulate,Brodmann area 30,0
0,-45,20,Limbic Lobe,Posterior Cingulate,Brodmann area 30,0
0,20,20,Limbic Lobe,Anterior Cingulate,Brodmann area 33,0
0,25,20,Limbic Lobe,Anterior Cingulate,Brodmann area 24,0
0,30,20,Limbic Lobe,Anterior Cingulate,Brodmann area 24,0
0,35,20,Limbic Lobe,Anterior Cingulate,Brodmann area 32,0
5,-95,20,Occipital Lobe,Cuneus,Brodmann area 19,0
5,-90,20,Occipital Lobe,Cuneus,Brodmann area 18,0
5,-85,20,Occipital Lobe,Cuneus,Brodmann area 18,0
5,-80,20,Occipital Lobe,Cuneus,Brodmann area 18,0
5,-75,20,Parietal Lobe,Precuneus,Brodmann area 31,0
5,-70,20,Parietal Lobe,Precuneus,Brodmann area 31,0
5,-65,20,Parietal Lobe,Precuneus,Brodmann area 31,0
5,-60,20,Limbic Lobe,Posterior Cingulate,Brodmann area 23,0
5,-55,20,Limbic Lobe,Posterior Cingulate,Brodmann area 23,0
5,-50,20,Limbic Lobe,Posterior Cingulate,Brodmann area 30,0
5,-45,20,Limbic Lobe,Posterior Cingulate,Brodmann area 30,0
5,20,20,Limbic Lobe,Anterior Cingulate,Brodmann area 33,0
5,25,20,Limbic Lobe,Anterior Cingulate,Brodmann area 24,0
5,30,20,Limbic Lobe,Anterior Cingulate,Brodmann area 24,0
5,35,20,Limbic Lobe,Anterior Cingulate,Brodmann area 32,0
5,40,20,Limbic Lobe,Anterior Cingulate,Brodmann area 32,0
5,45,20,Frontal Lobe,Medial Frontal Gyrus,Brodmann area 9,0
5,50,20,Frontal Lobe,Medial Frontal Gyrus,Brodmann area 9,0
5,55,20,Frontal Lobe,Medial Frontal Gyrus,Brodmann area 9,0
5,60,20,Frontal Lobe,Medial Frontal Gyrus,Brodmann area 10,0
5,65,20,Frontal Lobe,Medial Frontal Gyrus,Brodmann area 10,0
10,-95,20,Occipital Lobe,Cuneus,Brodmann area 19,0
10,-90,20,Occipital Lobe,Cuneus,Brodmann area 18,0
10,-80,20,Occipital Lobe,Cuneus,Brodmann area 18,0
10,-75,20,Parietal Lobe,Precuneus,Brodmann area 31,0
10,-70,20,Occipital Lobe,Precuneus,Brodmann area 31,0
10,-65,20,Parietal Lobe,Precuneus,Brodmann area 31,0
10,-60,20,Limbic Lobe,Posterior Cingulate,Brodmann area 31,0
10,35,20,Limbic Lobe,Anterior Cingulate,Brodmann area 32,0
10,40,20,Frontal Lobe,Medial Frontal Gyrus,Brodmann area 9,0
10,65,20,Frontal Lobe,Superior Frontal Gyrus,Brodmann area 10,0
15,-95,20,Occipital Lobe,Cuneus,Brodmann area 19,0
15,-90,20,Occipital Lobe,Cuneus,Brodmann area 18,0
15,-75,20,Occipital Lobe,Precuneus,Brodmann area 18,0
15,-70,20,Parietal Lobe,Precuneus,Brodmann area 31,0
15,35,20,Limbic Lobe,Anterior Cingulate,Brodmann area 32,0
15,40,20,Frontal Lobe,Medial Frontal Gyrus,Brodmann area 9,0
20,-95,20,Occipital Lobe,Cuneus,Brodmann area 19,0
20,-90,20,Occipital Lobe,Cuneus,Brodmann area 18,0
20,-80,20,Occipital Lobe,Cuneus,Brodmann area 18,0
20,-75,20,Parietal Lobe,Precuneus,Brodmann area 31,0
20,-70,20,Occipital Lobe,Precuneus,Brodmann area 31,0
20,35,20,Frontal Lobe,Medial Frontal Gyrus,Brodmann area 9,0
20,40,20,Frontal Lobe,Medial Frontal Gyrus,Brodmann area 9,0
25,-95,20,Occipital Lobe,Cuneus,Brodmann area 19,0
25,-80,20,Occipital Lobe,Cuneus,Brodmann area 18,0
25,-75,20,Occipital Lobe,Precuneus,Brodmann area 31,0
25,60,20,Frontal Lobe,Superior Frontal Gyrus,Brodmann area 10,0
30,-90,20,Occipital Lobe,Cuneus,Brodmann area 19,0
30,-80,20,Occipital Lobe,Middle Occipital Gyrus,Brodmann area 19,0
30,-35,20,Sub-lobar,Insula,Brodmann area 13,0
30,-30,20,Sub-lobar,Insula,Brodmann area 13,0
30,55,20,Frontal Lobe,Superior Frontal Gyrus,Brodmann area 10,0
35,-85,20,Temporal Lobe,Middle Temporal Gyrus,Brodmann area 19,0
35,-40,20,Sub-lobar,Insula,Brodmann area 13,0
35,-35,20,Sub-lobar,Insula,Brodmann area 13,0
35,-30,20,Sub-lobar,Insula,Brodmann area 13,0
35,-25,20,Sub-lobar,Insula,Brodmann area 13,0
35,-20,20,Sub-lobar,Insula,Brodmann area 13,0
35,-15,20,Sub-lobar,Insula,Brodmann area 13,0
35,-10,20,Sub-lobar,Insula,Brodmann area 13,0
35,-5,20,Sub-lobar,Insula,Brodmann area 13,0
35,0,20,Sub-lobar,Insula,Brodmann area 13,0
35,5,20,Sub-lobar,Insula,Brodmann area 13,0
35,55,20,Frontal Lobe,Superior Frontal Gyrus,Brodmann area 10,0
40,-85,20,Occipital Lobe,Superior Occipital Gyrus,Brodmann area 19,0
40,-60,20,Temporal Lobe,Middle Temporal Gyrus,Brodmann area 39,0
40,-55,20,Temporal Lobe,Superior Temporal Gyrus,Brodmann area 22,0
40,-45,20,Sub-lobar,Insula,Brodmann area 13,0
40,-35,20,Sub-lobar,Insula,Brodmann area 13,0
40,-30,20,Sub-lobar,Insula,Brodmann area 13,0
40,-25,20,Sub-lobar,Insula,Brodmann area 13,0
40,0,20,Sub-lobar,Insula,Brodmann area 13,0
40,35,20,Frontal Lobe,Middle Frontal Gyrus,Brodmann area 46,0
40,50,20,Frontal Lobe,Middle Frontal Gyrus,Brodmann area 10,0
45,-80,20,Temporal Lobe,Middle Temporal Gyrus,Brodmann area 19,0
45,-65,20,Temporal Lobe,Middle Temporal Gyrus,Brodmann area 39,0
45,-60,20,Temporal Lobe,Superior Temporal Gyrus,Brodmann area 39,0
45,-55,20,Temporal Lobe,Superior Temporal Gyrus,Brodmann area 39,0
45,-45,20,Temporal Lobe,Superior Temporal Gyrus,Brodmann area 13,0
45,-40,20,Sub-lobar,Insula,Brodmann area 13,0
45,-35,20,Sub-lobar,Insula,Brodmann area 13,0
45,-30,20,Sub-lobar,Insula,Brodmann area 13,0
45,-25,20,Sub-lobar,Insula,Brodmann area 13,0
45,30,20,Frontal Lobe,Middle Frontal Gyrus,Brodmann area 46,0
45,35,20,Frontal Lobe,Middle Frontal Gyrus,Brodmann area 46,0
45,40,20,Frontal Lobe,Middle Frontal Gyrus,Brodmann area 46,0
45,45,20,Frontal Lobe,Middle Frontal Gyrus,Brodmann area 46,0
50,-70,20,Temporal Lobe,Middle Temporal Gyrus,Brodmann area 39,0
50,-65,20,Temporal Lobe,Middle Temporal Gyrus,Brodmann area 39,0
50,-60,20,Temporal Lobe,Superior Temporal Gyrus,Brodmann area 39,0
50,-50,20,Temporal Lobe,Supramarginal Gyrus,Brodmann area 40,0
50,-45,20,Temporal Lobe,Superior Temporal Gyrus,Brodmann area 13,0
50,-40,20,Sub-lobar,Insula,Brodmann area 13,0
50,-35,20,Sub-lobar,Insula,Brodmann area 13,0
50,-30,20,Sub-lobar,Insula,Brodmann area 13,0
50,-25,20,Sub-lobar,Insula,Brodmann area 13,0
50,-5,20,Frontal Lobe,Precentral Gyrus,Brodmann area 6,0
50,0,20,Frontal Lobe,Inferior Frontal Gyrus,Brodmann area 44,0
50,15,20,Frontal Lobe,Inferior Frontal Gyrus,Brodmann area 44,0
50,25,20,Frontal Lobe,Inferior Frontal Gyrus,Brodmann area 45,0
50,30,20,Frontal Lobe,Inferior Frontal Gyrus,Brodmann area 46,0
50,40,20,Frontal Lobe,Middle Frontal Gyrus,Brodmann area 46,0
55,-65,20,Temporal Lobe,Middle Temporal Gyrus,Brodmann area 39,0
55,-60,20,Temporal Lobe,Superior Temporal Gyrus,Brodmann area 39,0
55,-50,20,Temporal Lobe,Supramarginal Gyrus,Brodmann area 40,0
55,-45,20,Temporal Lobe,Superior Temporal Gyrus,Brodmann area 13,0
55,-40,20,Sub-lobar,Insula,Brodmann area 13,0
55,-35,20,Sub-lobar,Insula,Brodmann area 13,0
55,-30,20,Parietal Lobe,Postcentral Gyrus,Brodmann area 40,0
55,-5,20,Frontal Lobe,Precentral Gyrus,Brodmann area 6,0
55,0,20,Frontal Lobe,Inferior Frontal Gyrus,Brodmann area 44,0
55,5,20,Frontal Lobe,Inferior Frontal Gyrus,Brodmann area 44,0
55,10,20,Frontal Lobe,Inferior Frontal Gyrus,Brodmann area 45,0
55,15,20,Frontal Lobe,Inferior Frontal Gyrus,Brodmann area 44,0
55,20,20,Frontal Lobe,Inferior Frontal Gyrus,Brodmann area 45,0
55,25,20,Frontal Lobe,Inferior Frontal Gyrus,Brodmann area 45,0
55,30,20,Frontal Lobe,Inferior Frontal Gyrus,Brodmann area 46,0
60,-60,20,Temporal Lobe,Superior Temporal Gyrus,Brodmann area 22,0
60,-55,20,Temporal Lobe,Supramarginal Gyrus,Brodmann area 40,0
60,-50,20,Temporal Lobe,Supramarginal Gyrus,Brodmann area 40,0
60,-45,20,Parietal Lobe,Inferior Parietal Lobule,Brodmann area 40,0
60,-35,20,Temporal Lobe,Superior Temporal Gyrus,Brodmann area 42,0
60,-30,20,Parietal Lobe,Postcentral Gyrus,Brodmann area 40,0
60,-10,20,Parietal Lobe,Postcentral Gyrus,Brodmann area 43,0
60,-5,20,Frontal Lobe,Precentral Gyrus,Brodmann area 4,0
60,0,20,Frontal Lobe,Precentral Gyrus,Brodmann area 6,0
60,5,20,Frontal Lobe,Inferior Frontal Gyrus,Brodmann area 44,0
60,10,20,Frontal Lobe,Inferior Frontal Gyrus,Brodmann area 45,0
60,15,20,Frontal Lobe,Inferior Frontal Gyrus,Brodmann area 44,0
60,20,20,Frontal Lobe,Inferior Frontal Gyrus,Brodmann area 45,0
65,-50,20,Temporal Lobe,Superior Temporal Gyrus,Brodmann area 22,0
65,-45,20,Temporal Lobe,Superior Temporal Gyrus,Brodmann area 22,0
65,-40,20,Temporal Lobe,Superior Temporal Gyrus,Brodmann area 22,0
65,-35,20,Temporal Lobe,Superior Temporal Gyrus,Brodmann area 42,0
65,-30,20,Parietal Lobe,Postcentral Gyrus,Brodmann area 40,0
65,-25,20,Parietal Lobe,Postcentral Gyrus,Brodmann area 40,0
65,-15,20,Parietal Lobe,Postcentral Gyrus,Brodmann area 43,0
65,-10,20,Parietal Lobe,Postcentral Gyrus,Brodmann area 43,0
65,-5,20,Frontal Lobe,Precentral Gyrus,Brodmann area 4,0
65,0,20,Frontal Lobe,Precentral Gyrus,Brodmann area 6,0
-65,-50,25,Temporal Lobe,Supramarginal Gyrus,Brodmann area 40,0
-65,-45,25,Parietal Lobe,Inferior Parietal Lobule,Brodmann area 40,0
-65,-40,25,Parietal Lobe,Inferior Parietal Lobule,Brodmann area 40,0
-65,-35,25,Parietal Lobe,Inferior Parietal Lobule,Brodmann area 40,0
-65,-30,25,Parietal Lobe,Inferior Parietal Lobule,Brodmann area 40,0
-65,-25,25,Parietal Lobe,Inferior Parietal Lobule,Brodmann area 40,0
-65,-20,25,Parietal Lobe,Postcentral Gyrus,Brodmann area 1,0
-65,-15,25,Parietal Lobe,Postcentral Gyrus,Brodmann area 3,0
-65,-10,25,Parietal Lobe,Postcentral Gyrus,Brodmann area 3,0
-65,-5,25,Frontal Lobe,Precentral Gyrus,Brodmann area 6,0
-60,-60,25,Temporal Lobe,Superior Temporal Gyrus,Brodmann area 39,0
-60,-55,25,Parietal Lobe,Supramarginal Gyrus,Brodmann area 40,0
-60,-50,25,Temporal Lobe,Supramarginal Gyrus,Brodmann area 40,0
-60,-45,25,Parietal Lobe,Inferior Parietal Lobule,Brodmann area 40,0
-60,-40,25,Parietal Lobe,Inferior Parietal Lobule,Brodmann area 40,0
-60,-35,25,Parietal Lobe,Inferior Parietal Lobule,Brodmann area 40,0
-60,-30,25,Parietal Lobe,Inferior Parietal Lobule,Brodmann area 40,0
-60,-10,25,Frontal Lobe,Precentral Gyrus,Brodmann area 4,0
-60,-5,25,Frontal Lobe,Precentral Gyrus,Brodmann area 4,0
-60,0,25,Frontal Lobe,Precentral Gyrus,Brodmann area 6,0
-60,5,25,Frontal Lobe,Inferior Frontal Gyrus,Brodmann area 9,0
-55,-70,25,Temporal Lobe,Middle Temporal Gyrus,Brodmann area 39,0
-55,-65,25,Temporal Lobe,Superior Temporal Gyrus,Brodmann area 39,0
-55,-60,25,Temporal Lobe,Superior Temporal Gyrus,Brodmann area 39,0
-55,-55,25,Parietal Lobe,Supramarginal Gyrus,Brodmann area 40,0
-55,-50,25,Temporal Lobe,Supramarginal Gyrus,Brodmann area 40,0
-55,-45,25,Parietal Lobe,Inferior Parietal Lobule,Brodmann area 40,0
-55,-35,25,Parietal Lobe,Inferior Parietal Lobule,Brodmann area 40,0
-55,-30,25,Parietal Lobe,Inferior Parietal Lobule,Brodmann area 40,0
-55,0,25,Frontal Lobe,Precentral Gyrus,Brodmann area 6,0
-55,5,25,Frontal Lobe,Inferior Frontal Gyrus,Brodmann area 9,0
-55,10,25,Frontal Lobe,Inferior Frontal Gyrus,Brodmann area 45,0
-55,20,25,Frontal Lobe,Inferior Frontal Gyrus,Brodmann area 9,0
-55,25,25,Frontal Lobe,Middle Frontal Gyrus,Brodmann area 46,0
-50,-75,25,Temporal Lobe,Middle Temporal Gyrus,Brodmann area 39,0
-50,-65,25,Temporal Lobe,Middle Temporal Gyrus,Brodmann area 39,0
-50,-60,25,Temporal Lobe,Superior Temporal Gyrus,Brodmann area 39,0
-50,-50,25,Temporal Lobe,Supramarginal Gyrus,Brodmann area 40,0
-50,-30,25,Parietal Lobe,Inferior Parietal Lobule,Brodmann area 40,0
-50,-5,25,Frontal Lobe,Precentral Gyrus,Brodmann area 6,0
-50,0,25,Frontal Lobe,Inferior Frontal Gyrus,Brodmann area 9,0
-50,10,25,Frontal Lobe,Inferior Frontal Gyrus,Brodmann area 44,0
-50,15,25,Frontal Lobe,Inferior Frontal Gyrus,Brodmann area 9,0
-50,20,25,Frontal Lobe,Inferior Frontal Gyrus,Brodmann area 9,0
-50,25,25,Frontal Lobe,Inferior Frontal Gyrus,Brodmann area 45,0
-50,30,25,Frontal Lobe,Middle Frontal Gyrus,Brodmann area 46,0
-45,-80,25,Temporal Lobe,Middle Temporal Gyrus,Brodmann area 39,0
-45,-75,25,Temporal Lobe,Middle Temporal Gyrus,Brodmann area 39,0
-45,-65,25,Temporal Lobe,Middle Temporal Gyrus,Brodmann area 39,0
-45,-60,25,Temporal Lobe,Superior Temporal Gyrus,Brodmann area 39,0
-45,-5,25,Frontal Lobe,Precentral Gyrus,Brodmann area 6,0
-45,0,25,Frontal Lobe,Inferior Frontal Gyrus,Brodmann area 9,0
-45,15,25,Frontal Lobe,Inferior Frontal Gyrus,Brodmann area 9,4
-45,20,25,Frontal Lobe,Middle Frontal Gyrus,Brodmann area 46,0
-45,30,25,Frontal Lobe,Middle Frontal Gyrus,Brodmann area 46,0
-45,40,25,Frontal Lobe,Middle Frontal Gyrus,Brodmann area 46,0
-40,-85,25,Occipital Lobe,Superior Occipital Gyrus,Brodmann area 19,0
-40,-80,25,Occipital Lobe,Superior Occipital Gyrus,Brodmann area 19,0
-40,-75,25,Temporal Lobe,Middle Temporal Gyrus,Brodmann area 39,0
-40,-65,25,Temporal Lobe,Middle Temporal Gyrus,Brodmann area 39,0
-40,-60,25,Temporal Lobe,Superior Temporal Gyrus,Brodmann area 39,0
-40,-55,25,Temporal Lobe,Superior Temporal Gyrus,Brodmann area 39,0
-40,40,25,Frontal Lobe,Middle Frontal Gyrus,Brodmann area 10,0
-40,45,25,Frontal Lobe,Middle Frontal Gyrus,Brodmann area 10,0
-35,-80,25,Occipital Lobe,Superior Occipital Gyrus,Brodmann area 19,0
-35,-75,25,Temporal Lobe,Middle Temporal Gyrus,Brodmann area 39,0
-35,-65,25,Temporal Lobe,Middle Temporal Gyrus,Brodmann area 39,0
-35,-60,25,Temporal Lobe,Superior Temporal Gyrus,Brodmann area 39,0
-35,-55,25,Temporal Lobe,Superior Temporal Gyrus,Brodmann area 39,0
-35,40,25,Frontal Lobe,Middle Frontal Gyrus,Brodmann area 10,0
-35,45,25,Frontal Lobe,Middle Frontal Gyrus,Brodmann area 10,0
-35,50,25,Frontal Lobe,Superior Frontal Gyrus,Brodmann area 10,0
-30,-90,25,Occipital Lobe,Cuneus,Brodmann area 19,0
-30,-85,25,Occipital Lobe,Superior Occipital Gyrus,Brodmann area 19,0
-30,-60,25,Temporal Lobe,Sub-Gyral,Brodmann area 39,0
-30,40,25,Frontal Lobe,Middle Frontal Gyrus,Brodmann area 10,0
-30,45,25,Frontal Lobe,Middle Frontal Gyrus,Brodmann area 10,0
-30,50,25,Frontal Lobe,Superior Frontal Gyrus,Brodmann area 10,0
-25,-85,25,Occipital Lobe,Cuneus,Brodmann area 19,0
-25,45,25,Frontal Lobe,Superior Frontal Gyrus,Brodmann area 10,0
-25,50,25,Frontal Lobe,Middle Frontal Gyrus,Brodmann area 10,0
-25,55,25,Frontal Lobe,Middle Frontal Gyrus,Brodmann area 10,0
-20,-95,25,Occipital Lobe,Cuneus,Brodmann area 19,0
-20,-85,25,Occipital Lobe,Cuneus,Brodmann area 18,0
-20,-80,25,Occipital Lobe,Precuneus,Brodmann area 31,0
-20,-45,25,Limbic Lobe,Cingulate Gyrus,Brodmann area 31,0
-20,35,25,Frontal Lobe,Medial Frontal Gyrus,Brodmann area 9,0
-20,45,25,Frontal Lobe,Superior Frontal Gyrus,Brodmann area 10,0
-20,50,25,Frontal Lobe,Superior Frontal Gyrus,Brodmann area 10,0
-20,55,25,Frontal Lobe,Superior Frontal Gyrus,Brodmann area 10,0
-20,60,25,Frontal Lobe,Middle Frontal Gyrus,Brodmann area 10,0
-15,-95,25,Occipital Lobe,Cuneus,Brodmann area 19,0
-15,-90,25,Occipital Lobe,Cuneus,Brodmann area 19,0
-15,-85,25,Occipital Lobe,Cuneus,Brodmann area 18,0
-15,-80,25,Occipital Lobe,Cuneus,Brodmann area 18,0
-15,-75,25,Occipital Lobe,Precuneus,Brodmann area 31,0
-15,-70,25,Parietal Lobe,Precuneus,Brodmann area 31,0
-15,-65,25,Occipital Lobe,Precuneus,Brodmann area 31,0
-15,-60,25,Limbic Lobe,Precuneus,Brodmann area 31,0
-15,-45,25,Limbic Lobe,Cingulate Gyrus,Brodmann area 31,0
-15,35,25,Limbic Lobe,Anterior Cingulate,Brodmann area 32,0
-15,40,25,Frontal Lobe,Medial Frontal Gyrus,Brodmann area 9,0
-15,60,25,Frontal Lobe,Superior Frontal Gyrus,Brodmann area 10,0
-10,-95,25,Occipital Lobe,Cuneus,Brodmann area 19,0
-10,-90,25,Occipital Lobe,Cuneus,Brodmann area 19,0
-10,-85,25,Occipital Lobe,Cuneus,Brodmann area 18,0
-10,-80,25,Occipital Lobe,Cuneus,Brodmann area 18,0
-10,-75,25,Occipital Lobe,Precuneus,Brodmann area 31,0
-10,-70,25,Parietal Lobe,Precuneus,Brodmann area 31,0
-10,-65,25,Occipital Lobe,Precuneus,Brodmann area 31,0
-10,-60,25,Occipital Lobe,Precuneus,Brodmann area 31,0
-10,20,25,Limbic Lobe,Anterior Cingulate,Brodmann area 24,0
-10,25,25,Limbic Lobe,Anterior Cingulate,Brodmann area 32,0
-10,35,25,Limbic Lobe,Anterior Cingulate,Brodmann area 32,0
-10,40,25,Frontal Lobe,Medial Frontal Gyrus,Brodmann area 9,0
-10,50,25,Frontal Lobe,Superior Frontal Gyrus,Brodmann area 9,0
-5,-95,25,Occipital Lobe,Cuneus,Brodmann area 19,0
-5,-90,25,Occipital Lobe,Cuneus,Brodmann area 19,0
-5,-85,25,Occipital Lobe,Cuneus,Brodmann area 19,0
-5,-80,25,Occipital Lobe,Cuneus,Brodmann area 18,0
-5,-75,25,Occipital Lobe,Precuneus,Brodmann area 31,0
-5,-65,25,Occipital Lobe,Precuneus,Brodmann area 31,0
-5,-60,25,Limbic Lobe,Cingulate Gyrus,Brodmann area 31,0
-5,-55,25,Limbic Lobe,Posterior Cingulate,Brodmann area 31,0
-5,-45,25,Limbic Lobe,Posterior Cingulate,Brodmann area 23,0
-5,-40,25,Limbic Lobe,Posterior Cingulate,Brodmann area 23,0
-5,-35,25,Limbic Lobe,Posterior Cingulate,Brodmann area 23,0
-5,-30,25,Limbic Lobe,Posterior Cingulate,Brodmann area 23,0
-5,10,25,Limbic Lobe,Anterior Cingulate,Brodmann area 33,0
-5,20,25,Limbic Lobe,Anterior Cingulate,Brodmann area 24,0
-5,25,25,Limbic Lobe,Anterior Cingulate,Brodmann area 24,0
-5,30,25,Limbic Lobe,Anterior Cingulate,Brodmann area 32,0
-5,35,25,Limbic Lobe,Anterior Cingulate,Brodmann area 32,0
-5,40,25,Frontal Lobe,Medial Frontal Gyrus,Brodmann area 9,0
-5,45,25,Frontal Lobe,Medial Frontal Gyrus,Brodmann area 9,0
-5,50,25,Frontal Lobe,Medial Frontal Gyrus,Brodmann area 9,0
-5,55,25,Frontal Lobe,Medial Frontal Gyrus,Brodmann area 10,0
-5,60,25,Frontal Lobe,Medial Frontal Gyrus,Brodmann area 10,0
0,-90,25,Occipital Lobe,Cuneus,Brodmann area 19,0
0,-85,25,Occipital Lobe,Cuneus,Brodmann area 18,0
0,-80,25,Occipital Lobe,Cuneus,Brodmann area 18,0
0,-75,25,Occipital Lobe,Precuneus,Brodmann area 31,0
0,-70,25,Occipital Lobe,Precuneus,Brodmann area 31,0
0,-65,25,Occipital Lobe,Precuneus,Brodmann area 31,0
0,-60,25,Limbic Lobe,Cingulate Gyrus,Brodmann area 31,0
0,-55,25,Limbic Lobe,Cingulate Gyrus,Brodmann area 31,0
0,-50,25,Limbic Lobe,Posterior Cingulate,Brodmann area 23,0
0,-45,25,Limbic Lobe,Cingulate Gyrus,Brodmann area 31,0
0,-40,25,Limbic Lobe,Cingulate Gyrus,Brodmann area 31,0
0,-35,25,Limbic Lobe,Cingulate Gyrus,Brodmann area 23,0
0,20,25,Limbic Lobe,Anterior Cingulate,Brodmann area 33,0
0,25,25,Limbic Lobe,Anterior Cingulate,Brodmann area 24,0
0,30,25,Limbic Lobe,Anterior Cingulate,Brodmann area 24,0
0,35,25,Limbic Lobe,Anterior Cingulate,Brodmann area 32,0
0,50,25,Frontal Lobe,Medial Frontal Gyrus,Brodmann area 9,0
0,55,25,Frontal Lobe,Medial Frontal Gyrus,Brodmann area 9,0
5,-95,25,Occipital Lobe,Cuneus,Brodmann area 19,0
5,-90,25,Occipital Lobe,Cuneus,Brodmann area 19,0
5,-85,25,Occipital Lobe,Cuneus,Brodmann area 18,0
5,-80,25,Occipital Lobe,Cuneus,Brodmann area 18,0
5,-75,25,Occipital Lobe,Precuneus,Brodmann area 31,0
5,-70,25,Parietal Lobe,Precuneus,Brodmann area 31,0
5,-65,25,Occipital Lobe,Precuneus,Brodmann area 31,0
5,-60,25,Limbic Lobe,Cingulate Gyrus,Brodmann area 31,0
5,-55,25,Limbic Lobe,Cingulate Gyrus,Brodmann area 31,0
5,-50,25,Limbic Lobe,Posterior Cingulate,Brodmann area 23,0
5,-45,25,Limbic Lobe,Posterior Cingulate,Brodmann area 23,0
5,-40,25,Limbic Lobe,Posterior Cingulate,Brodmann area 23,0
5,-35,25,Limbic Lobe,Posterior Cingulate,Brodmann area 23,0
5,-30,25,Limbic Lobe,Posterior Cingulate,Brodmann area 23,0
5,10,25,Limbic Lobe,Anterior Cingulate,Brodmann area 33,0
5,15,25,Limbic Lobe,Anterior Cingulate,Brodmann area 24,0
5,20,25,Limbic Lobe,Anterior Cingulate,Brodmann area 24,0
5,25,25,Limbic Lobe,Anterior Cingulate,Brodmann area 24,0
5,30,25,Limbic Lobe,Anterior Cingulate,Brodmann area 32,0
5,35,25,Limbic Lobe,Anterior Cingulate,Brodmann area 32,0
5,40,25,Frontal Lobe,Medial Frontal Gyrus,Brodmann area 9,0
5,45,25,Frontal Lobe,Medial Frontal Gyrus,Brodmann area 9,0
5,50,25,Frontal Lobe,Medial Frontal Gyrus,Brodmann area 9,0
5,55,25,Frontal Lobe,Medial Frontal Gyrus,Brodmann area 10,0
5,60,25,Frontal Lobe,Medial Frontal Gyrus,Brodmann area 10,0
10,-95,25,Occipital Lobe,Cuneus,Brodmann area 19,0
10,-90,25,Occipital Lobe,Cuneus,Brodmann area 19,0
10,-85,25,Occipital Lobe,Cuneus,Brodmann area 19,0
10,-80,25,Occipital Lobe,Cuneus,Brodmann area 18,0
10,-75,25,Occipital Lobe,Precuneus,Brodmann area 31,0
10,-65,25,Occipital Lobe,Precuneus,Brodmann area 31,0
10,-60,25,Occipital Lobe,Precuneus,Brodmann area 31,0
10,20,25,Limbic Lobe,Anterior Cingulate,Brodmann area 24,0
10,25,25,Limbic Lobe,Anterior Cingulate,Brodmann area 32,0
10,35,25,Limbic Lobe,Anterior Cingulate,Brodmann area 32,0
10,40,25,Frontal Lobe,Medial Frontal Gyrus,Brodmann area 9,0
10,50,25,Frontal Lobe,Superior Frontal Gyrus,Brodmann area 9,0
15,-95,25,Occipital Lobe,Cuneus,Brodmann area 19,0
15,-90,25,Occipital Lobe,Cuneus,Brodmann area 19,0
15,-85,25,Occipital Lobe,Cuneus,Brodmann area 18,0
15,-80,25,Occipital Lobe,Cuneus,Brodmann area 18,0
15,-75,25,Occipital Lobe,Precuneus,Brodmann area 31,0
15,-70,25,Parietal Lobe,Precuneus,Brodmann area 31,0
15,-65,25,Occipital Lobe,Precuneus,Brodmann area 31,0
15,-60,25,Occipital Lobe,Precuneus,Brodmann area 31,0
15,-45,25,Limbic Lobe,Cingulate Gyrus,Brodmann area 31,0
15,35,25,Limbic Lobe,Anterior Cingulate,Brodmann area 32,0
15,40,25,Frontal Lobe,Medial Frontal Gyrus,Brodmann area 9,0
15,50,25,Frontal Lobe,Superior Frontal Gyrus,Brodmann area 9,0
15,60,25,Frontal Lobe,Superior Frontal Gyrus,Brodmann area 10,0
20,-95,25,Occipital Lobe,Cuneus,Brodmann area 19,0
20,-85,25,Occipital Lobe,Cuneus,Brodmann area 18,0
20,-80,25,Occipital Lobe,Precuneus,Brodmann area 31,0
20,-45,25,Limbic Lobe,Cingulate Gyrus,Brodmann area 31,0
20,35,25,Frontal Lobe,Medial Frontal Gyrus,Brodmann area 9,0
20,55,25,Frontal Lobe,Superior Frontal Gyrus,Brodmann area 10,0
20,60,25,Frontal Lobe,Superior Frontal Gyrus,Brodmann area 10,0
25,-95,25,Occipital Lobe,Cuneus,Brodmann area 19,0
25,-85,25,Occipital Lobe,Cuneus,Brodmann area 31,0
25,45,25,Frontal Lobe,Superior Frontal Gyrus,Brodmann area 10,0
25,50,25,Frontal Lobe,Middle Frontal Gyrus,Brodmann area 10,0
25,55,25,Frontal Lobe,Middle Frontal Gyrus,Brodmann area 10,0
30,-90,25,Occipital Lobe,Cuneus,Brodmann area 19,0
30,-85,25,Occipital Lobe,Cuneus,Brodmann area 19,0
30,45,25,Frontal Lobe,Middle Frontal Gyrus,Brodmann area 10,0
30,50,25,Frontal Lobe,Middle Frontal Gyrus,Brodmann area 10,0
30,55,25,Frontal Lobe,Middle Frontal Gyrus,Brodmann area 10,0
35,-85,25,Occipital Lobe,Superior Occipital Gyrus,Brodmann area 19,0
35,-80,25,Occipital Lobe,Superior Occipital Gyrus,Brodmann area 19,0
35,-75,25,Occipital Lobe,Superior Occipital Gyrus,Brodmann area 19,0
35,-65,25,Temporal Lobe,Middle Temporal Gyrus,Brodmann area 39,0
35,-60,25,Temporal Lobe,Superior Temporal Gyrus,Brodmann area 39,0
35,40,25,Frontal Lobe,Middle Frontal Gyrus,Brodmann area 10,0
35,45,25,Frontal Lobe,Middle Frontal Gyrus,Brodmann area 10,0
35,50,25,Frontal Lobe,Superior Frontal Gyrus,Brodmann area 10,0
40,-85,25,Occipital Lobe,Superior Occipital Gyrus,Brodmann area 19,0
40,-80,25,Occipital Lobe,Superior Occipital Gyrus,Brodmann area 19,0
40,-75,25,Temporal Lobe,Middle Temporal Gyrus,Brodmann area 39,0
40,-65,25,Temporal Lobe,Middle Temporal Gyrus,Brodmann area 39,0
40,-60,25,Temporal Lobe,Superior Temporal Gyrus,Brodmann area 39,0
40,-55,25,Temporal Lobe,Superior Temporal Gyrus,Brodmann area 39,0
40,40,25,Frontal Lobe,Middle Frontal Gyrus,Brodmann area 10,0
40,45,25,Frontal Lobe,Middle Frontal Gyrus,Brodmann area 10,0
40,50,25,Frontal Lobe,Superior Frontal Gyrus,Brodmann area 10,0
45,-80,25,Occipital Lobe,Superior Occipital Gyrus,Brodmann area 19,0
45,-75,25,Temporal Lobe,Middle Temporal Gyrus,Brodmann area 39,0
45,-65,25,Temporal Lobe,Middle Temporal Gyrus,Brodmann area 39,0
45,-60,25,Temporal Lobe,Superior Temporal Gyrus,Brodmann area 39,0
45,-55,25,Temporal Lobe,Superior Temporal Gyrus,Brodmann area 39,0
45,-5,25,Frontal Lobe,Precentral Gyrus,Brodmann area 6,0
45,15,25,Frontal Lobe,Inferior Frontal Gyrus,Brodmann area 9,0
45,30,25,Frontal Lobe,Middle Frontal Gyrus,Brodmann area 46,0
45,40,25,Frontal Lobe,Middle Frontal Gyrus,Brodmann area 46,0
50,-75,25,Temporal Lobe,Middle Temporal Gyrus,Brodmann area 39,0
50,-65,25,Temporal Lobe,Middle Temporal Gyrus,Brodmann area 39,0
50,-60,25,Temporal Lobe,Superior Temporal Gyrus,Brodmann area 39,0
50,-50,25,Parietal Lobe,Inferior Parietal Lobule,Brodmann area 40,0
50,-30,25,Parietal Lobe,Inferior Parietal Lobule,Brodmann area 40,0
50,-5,25,Frontal Lobe,Precentral Gyrus,Brodmann area 6,0
50,0,25,Frontal Lobe,Inferior Frontal Gyrus,Brodmann area 9,0
50,15,25,Frontal Lobe,Inferior Frontal Gyrus,Brodmann area 9,0
50,20,25,Frontal Lobe,Middle Frontal Gyrus,Brodmann area 46,0
50,25,25,Frontal Lobe,Inferior Frontal Gyrus,Brodmann area 45,0
50,30,25,Frontal Lobe,Middle Frontal Gyrus,Brodmann area 46,0
55,-65,25,Temporal Lobe,Middle Temporal Gyrus,Brodmann area 39,0
55,-60,25,Temporal Lobe,Superior Temporal Gyrus,Brodmann area 39,0
55,-50,25,Temporal Lobe,Supramarginal Gyrus,Brodmann area 40,0
55,-45,25,Parietal Lobe,Inferior Parietal Lobule,Brodmann area 40,0
55,-35,25,Parietal Lobe,Inferior Parietal Lobule,Brodmann area 40,0
55,-30,25,Parietal Lobe,Inferior Parietal Lobule,Brodmann area 40,0
55,-5,25,Frontal Lobe,Precentral Gyrus,Brodmann area 6,0
55,0,25,Frontal Lobe,Inferior Frontal Gyrus,Brodmann area 9,0
55,10,25,Frontal Lobe,Inferior Frontal Gyrus,Brodmann area 45,0
55,20,25,Frontal Lobe,Inferior Frontal Gyrus,Brodmann area 9,0
55,25,25,Frontal Lobe,Middle Frontal Gyrus,Brodmann area 46,0
60,-55,25,Parietal Lobe,Supramarginal Gyrus,Brodmann area 40,0
60,-50,25,Temporal Lobe,Supramarginal Gyrus,Brodmann area 40,0
60,-45,25,Parietal Lobe,Inferior Parietal Lobule,Brodmann area 40,0
60,-35,25,Parietal Lobe,Inferior Parietal Lobule,Brodmann area 40,0
60,-30,25,Parietal Lobe,Inferior Parietal Lobule,Brodmann area 40,0
60,-10,25,Frontal Lobe,Precentral Gyrus,Brodmann area 4,0
60,0,25,Frontal Lobe,Precentral Gyrus,Brodmann area 6,0
60,5,25,Frontal Lobe,Inferior Frontal Gyrus,Brodmann area 9,0
60,10,25,Frontal Lobe,Inferior Frontal Gyrus,Brodmann area 45,0
65,-50,25,Temporal Lobe,Supramarginal Gyrus,Brodmann area 40,0
65,-45,25,Parietal Lobe,Inferior Parietal Lobule,Brodmann area 40,0
65,-40,25,Parietal Lobe,Inferior Parietal Lobule,Brodmann area 40,0
65,-35,25,Parietal Lobe,Inferior Parietal Lobule,Brodmann area 40,0
65,-25,25,Parietal Lobe,Inferior Parietal Lobule,Brodmann area 40,0
65,-15,25,Parietal Lobe,Postcentral Gyrus,Brodmann area 3,0
65,-10,25,Parietal Lobe,Postcentral Gyrus,Brodmann area 3,0
65,-5,25,Frontal Lobe,Precentral Gyrus,Brodmann area 6,0
-65,-45,30,Parietal Lobe,Supramarginal Gyrus,Brodmann area 40,0
-65,-40,30,Parietal Lobe,Inferior Parietal Lobule,Brodmann area 40,0
-65,-35,30,Parietal Lobe,Inferior Parietal Lobule,Brodmann area 40,0
-65,-30,30,Parietal Lobe,Inferior Parietal Lobule,Brodmann area 40,0
-65,-25,30,Parietal Lobe,Inferior Parietal Lobule,Brodmann area 40,0
-65,-20,30,Parietal Lobe,Postcentral Gyrus,Brodmann area 1,0
-65,-15,30,Parietal Lobe,Postcentral Gyrus,Brodmann area 3,0
-65,-10,30,Frontal Lobe,Precentral Gyrus,Brodmann area 4,0
-65,-5,30,Frontal Lobe,Precentral Gyrus,Brodmann area 6,0
-60,-55,30,Parietal Lobe,Supramarginal Gyrus,Brodmann area 40,0
-60,-50,30,Parietal Lobe,Supramarginal Gyrus,Brodmann area 40,0
-60,-45,30,Parietal Lobe,Supramarginal Gyrus,Brodmann area 40,0
-60,-40,30,Parietal Lobe,Inferior Parietal Lobule,Brodmann area 40,0
-60,-35,30,Parietal Lobe,Inferior Parietal Lobule,Brodmann area 40,0
-60,-30,30,Parietal Lobe,Inferior Parietal Lobule,Brodmann area 40,0
-60,-25,30,Parietal Lobe,Inferior Parietal Lobule,Brodmann area 40,0
-60,-20,30,Parietal Lobe,Postcentral Gyrus,Brodmann area 2,0
-60,-15,30,Parietal Lobe,Postcentral Gyrus,Brodmann area 3,0
-60,-10,30,Frontal Lobe,Precentral Gyrus,Brodmann area 4,0
-60,0,30,Frontal Lobe,Precentral Gyrus,Brodmann area 6,0
-60,5,30,Frontal Lobe,Precentral Gyrus,Brodmann area 6,0
-60,10,30,Frontal Lobe,Inferior Frontal Gyrus,Brodmann area 9,0
-55,-65,30,Parietal Lobe,Supramarginal Gyrus,Brodmann area 39,0
-55,-60,30,Parietal Lobe,Supramarginal Gyrus,Brodmann area 40,0
-55,-55,30,Parietal Lobe,Supramarginal Gyrus,Brodmann area 40,0
-55,-50,30,Parietal Lobe,Supramarginal Gyrus,Brodmann area 40,0
-55,-45,30,Parietal Lobe,Inferior Parietal Lobule,Brodmann area 40,0
-55,-40,30,Parietal Lobe,Supramarginal Gyrus,Brodmann area 40,0
-55,-35,30,Parietal Lobe,Inferior Parietal Lobule,Brodmann area 40,0
-55,-30,30,Parietal Lobe,Inferior Parietal Lobule,Brodmann area 40,0
-55,-25,30,Parietal Lobe,Inferior Parietal Lobule,Brodmann area 40,0
-55,-20,30,Parietal Lobe,Postcentral Gyrus,Brodmann area 2,0
-55,-15,30,Frontal Lobe,Precentral Gyrus,Brodmann area 4,0
-55,0,30,Frontal Lobe,Precentral Gyrus,Brodmann area 6,0
-55,5,30,Frontal Lobe,Inferior Frontal Gyrus,Brodmann area 9,0
-55,15,30,Frontal Lobe,Inferior Frontal Gyrus,Brodmann area 9,0
-55,20,30,Frontal Lobe,Middle Frontal Gyrus,Brodmann area 9,0
-50,-75,30,Temporal Lobe,Angular Gyrus,Brodmann area 39,0
-50,-70,30,Parietal Lobe,Angular Gyrus,Brodmann area 39,0
-50,-65,30,Parietal Lobe,Angular Gyrus,Brodmann area 39,0
-50,-60,30,Temporal Lobe,Superior Temporal Gyrus,Brodmann area 39,0
-50,-55,30,Parietal Lobe,Supramarginal Gyrus,Brodmann area 40,0
-50,-30,30,Parietal Lobe,Inferior Parietal Lobule,Brodmann area 40,0
-50,-25,30,Parietal Lobe,Postcentral Gyrus,Brodmann area 2,0
-50,0,30,Frontal Lobe,Precentral Gyrus,Brodmann area 6,0
-50,5,30,Frontal Lobe,Inferior Frontal Gyrus,Brodmann area 9,0
-50,10,30,Frontal Lobe,Inferior Frontal Gyrus,Brodmann area 9,0
-50,15,30,Frontal Lobe,Middle Frontal Gyrus,Brodmann area 9,4
-45,-80,30,Temporal Lobe,Angular Gyrus,Brodmann area 39,0
-45,-75,30,Temporal Lobe,Angular Gyrus,Brodmann area 39,0
-45,-70,30,Parietal Lobe,Angular Gyrus,Brodmann area 39,0
-45,-60,30,Temporal Lobe,Superior Temporal Gyrus,Brodmann area 39,0
-45,-30,30,Parietal Lobe,Inferior Parietal Lobule,Brodmann area 40,0
-45,0,30,Frontal Lobe,Precentral Gyrus,Brodmann area 6,0
-45,5,30,Frontal Lobe,Inferior Frontal Gyrus,Brodmann area 9,0
-45,10,30,Frontal Lobe,Inferior Frontal Gyrus,Brodmann area 9,4
-40,-85,30,Occipital Lobe,Superior Occipital Gyrus,Brodmann area 19,0
-40,-80,30,Temporal Lobe,Angular Gyrus,Brodmann area 39,0
-40,-60,30,Temporal Lobe,Superior Temporal Gyrus,Brodmann area 39,0
-40,-30,30,Parietal Lobe,Postcentral Gyrus,Brodmann area 2,0
-40,0,30,Frontal Lobe,Precentral Gyrus,Brodmann area 6,0
-40,45,30,Frontal Lobe,Middle Frontal Gyrus,Brodmann area 10,0
-35,-85,30,Occipital Lobe,Superior Occipital Gyrus,Brodmann area 19,0
-35,-80,30,Temporal Lobe,Angular Gyrus,Brodmann area 39,0
-35,-60,30,Temporal Lobe,Superior Temporal Gyrus,Brodmann area 39,0
-35,0,30,Frontal Lobe,Precentral Gyrus,Brodmann area 6,0
-35,5,30,Frontal Lobe,Inferior Frontal Gyrus,Brodmann area 9,0
-35,45,30,Frontal Lobe,Middle Frontal Gyrus,Brodmann area 10,0
-35,50,30,Frontal Lobe,Superior Frontal Gyrus,Brodmann area 10,0
-30,-90,30,Occipital Lobe,Cuneus,Brodmann area 19,0
-30,-85,30,Occipital Lobe,Cuneus,Brodmann area 19,0
-30,-60,30,Temporal Lobe,Sub-Gyral,Brodmann area 39,0
-30,35,30,Frontal Lobe,Middle Frontal Gyrus,Brodmann area 9,0
-30,40,30,Frontal Lobe,Middle Frontal Gyrus,Brodmann area 9,0
-30,45,30,Frontal Lobe,Middle Frontal Gyrus,Brodmann area 10,0
-30,50,30,Frontal Lobe,Superior Frontal Gyrus,Brodmann area 10,0
-25,-90,30,Occipital Lobe,Cuneus,Brodmann area 19,0
-25,-85,30,Occipital Lobe,Cuneus,Brodmann area 19,0
-25,45,30,Frontal Lobe,Superior Frontal Gyrus,Brodmann area 10,0
-25,50,30,Frontal Lobe,Superior Frontal Gyrus,Brodmann area 10,0
-25,55,30,Frontal Lobe,Superior Frontal Gyrus,Brodmann area 10,0
-20,-90,30,Occipital Lobe,Cuneus,Brodmann area 19,0
-20,-85,30,Occipital Lobe,Cuneus,Brodmann area 19,0
-20,-80,30,Occipital Lobe,Cuneus,Brodmann area 7,0
-20,-65,30,Parietal Lobe,Precuneus,Brodmann area 7,0
-20,-45,30,Parietal Lobe,Precuneus,Brodmann area 31,0
-20,35,30,Frontal Lobe,Medial Frontal Gyrus,Brodmann area 9,0
-20,45,30,Frontal Lobe,Superior Frontal Gyrus,Brodmann area 10,0
-20,55,30,Frontal Lobe,Superior Frontal Gyrus,Brodmann area 10,0
-15,-95,30,Occipital Lobe,Cuneus,Brodmann area 19,0
-15,-85,30,Occipital Lobe,Cuneus,Brodmann area 19,0
-15,-80,30,Occipital Lobe,Cuneus,Brodmann area 7,0
-15,-75,30,Occipital Lobe,Cuneus,Brodmann area 7,0
-15,-70,30,Parietal Lobe,Precuneus,Brodmann area 7,0
-15,-60,30,Limbic Lobe,Precuneus,Brodmann area 31,0
-15,-45,30,Limbic Lobe,Cingulate Gyrus,Brodmann area 31,0
-15,30,30,Frontal Lobe,Medial Frontal Gyrus,Brodmann area 32,0
-15,35,30,Frontal Lobe,Medial Frontal Gyrus,Brodmann area 9,0
-15,40,30,Frontal Lobe,Medial Frontal Gyrus,Brodmann area 9,0
-15,55,30,Frontal Lobe,Superior Frontal Gyrus,Brodmann area 9,0
-10,-80,30,Occipital Lobe,Cuneus,Brodmann area 19,0
-10,-75,30,Occipital Lobe,Cuneus,Brodmann area 7,0
-10,-70,30,Occipital Lobe,Cuneus,Brodmann area 7,0
-10,-65,30,Parietal Lobe,Precuneus,Brodmann area 7,0
-10,-60,30,Occipital Lobe,Precuneus,Brodmann area 31,0
-10,-55,30,Parietal Lobe,Precuneus,Brodmann area 31,0
-10,-50,30,Parietal Lobe,Precuneus,Brodmann area 31,0
-10,-45,30,Limbic Lobe,Cingulate Gyrus,Brodmann area 31,0
-10,15,30,Limbic Lobe,Cingulate Gyrus,Brodmann area 24,0
-10,25,30,Limbic Lobe,Anterior Cingulate,Brodmann area 32,0
-10,30,30,Limbic Lobe,Cingulate Gyrus,Brodmann area 32,0
-10,35,30,Frontal Lobe,Medial Frontal Gyrus,Brodmann area 9,0
-10,40,30,Frontal Lobe,Medial Frontal Gyrus,Brodmann area 9,0
-10,45,30,Frontal Lobe,Medial Frontal Gyrus,Brodmann area 9,0
-10,50,30,Frontal Lobe,Superior Frontal Gyrus,Brodmann area 9,0
-10,60,30,Frontal Lobe,Superior Frontal Gyrus,Brodmann area 10,0
-5,-90,30,Occipital Lobe,Cuneus,Brodmann area 19,0
-5,-85,30,Occipital Lobe,Cuneus,Brodmann area 19,0
-5,-80,30,Occipital Lobe,Cuneus,Brodmann area 19,0
-5,-75,30,Occipital Lobe,Cuneus,Brodmann area 7,0
-5,-70,30,Occipital Lobe,Cuneus,Brodmann area 7,0
-5,-65,30,Parietal Lobe,Precuneus,Brodmann area 7,0
-5,-60,30,Limbic Lobe,Cingulate Gyrus,Brodmann area 31,0
-5,-50,30,Parietal Lobe,Precuneus,Brodmann area 31,0
-5,-45,30,Limbic Lobe,Cingulate Gyrus,Brodmann area 31,0
-5,-40,30,Limbic Lobe,Cingulate Gyrus,Brodmann area 31,0
-5,-35,30,Limbic Lobe,Cingulate Gyrus,Brodmann area 23,0
-5,-30,30,Limbic Lobe,Cingulate Gyrus,Brodmann area 23,0
-5,-25,30,Limbic Lobe,Cingulate Gyrus,Brodmann area 23,0
-5,-20,30,Limbic Lobe,Cingulate Gyrus,Brodmann area 23,0
-5,-15,30,Limbic Lobe,Cingulate Gyrus,Brodmann area 23,0
-5,-10,30,Limbic Lobe,Cingulate Gyrus,Brodmann area 24,0
-5,-5,30,Limbic Lobe,Cingulate Gyrus,Brodmann area 24,0
-5,0,30,Limbic Lobe,Cingulate Gyrus,Brodmann area 24,0
-5,10,30,Limbic Lobe,Cingulate Gyrus,Brodmann area 24,0
-5,15,30,Limbic Lobe,Cingulate Gyrus,Brodmann area 24,0
-5,20,30,Limbic Lobe,Cingulate Gyrus,Brodmann area 32,0
-5,25,30,Limbic Lobe,Anterior Cingulate,Brodmann area 24,0
-5,30,30,Limbic Lobe,Anterior Cingulate,Brodmann area 32,0
-5,35,30,Limbic Lobe,Cingulate Gyrus,Brodmann area 32,0
-5,40,30,Frontal Lobe,Medial Frontal Gyrus,Brodmann area 9,0
-5,45,30,Frontal Lobe,Medial Frontal Gyrus,Brodmann area 9,0
-5,50,30,Frontal Lobe,Medial Frontal Gyrus,Brodmann area 9,0
-5,55,30,Frontal Lobe,Superior Frontal Gyrus,Brodmann area 9,0
-5,60,30,Frontal Lobe,Superior Frontal Gyrus,Brodmann area 10,0
0,-85,30,Occipital Lobe,Cuneus,Brodmann area 19,0
0,-75,30,Occipital Lobe,Cuneus,Brodmann area 7,0
0,-70,30,Occipital Lobe,Cuneus,Brodmann area 7,0
0,-65,30,Parietal Lobe,Precuneus,Brodmann area 7,0
0,-60,30,Parietal Lobe,Precuneus,Brodmann area 7,0
0,-55,30,Parietal Lobe,Precuneus,Brodmann area 31,0
0,-50,30,Parietal Lobe,Precuneus,Brodmann area 31,0
0,-45,30,Limbic Lobe,Cingulate Gyrus,Brodmann area 31,0
0,-40,30,Limbic Lobe,Cingulate Gyrus,Brodmann area 31,0
0,-35,30,Limbic Lobe,Cingulate Gyrus,Brodmann area 23,0
0,-30,30,Limbic Lobe,Cingulate Gyrus,Brodmann area 23,0
0,-25,30,Limbic Lobe,Cingulate Gyrus,Brodmann area 23,0
0,-20,30,Limbic Lobe,Cingulate Gyrus,Brodmann area 23,0
0,15,30,Limbic Lobe,Cingulate Gyrus,Brodmann area 24,0
0,40,30,Frontal Lobe,Medial Frontal Gyrus,Brodmann area 9,0
0,45,30,Frontal Lobe,Medial Frontal Gyrus,Brodmann area 9,0
0,50,30,Frontal Lobe,Medial Frontal Gyrus,Brodmann area 9,0
5,-90,30,Occipital Lobe,Cuneus,Brodmann area 19,0
5,-85,30,Occipital Lobe,Cuneus,Brodmann area 19,0
5,-80,30,Occipital Lobe,Cuneus,Brodmann area 19,0
5,-75,30,Occipital Lobe,Cuneus,Brodmann area 7,0
5,-70,30,Occipital Lobe,Cuneus,Brodmann area 7,0
5,-65,30,Parietal Lobe,Precuneus,Brodmann area 7,0
5,-60,30,Parietal Lobe,Precuneus,Brodmann area 7,0
5,-55,30,Parietal Lobe,Precuneus,Brodmann area 31,0
5,-50,30,Parietal Lobe,Precuneus,Brodmann area 31,0
5,-45,30,Limbic Lobe,Cingulate Gyrus,Brodmann area 31,0
5,-40,30,Limbic Lobe,Cingulate Gyrus,Brodmann area 31,0
5,-35,30,Limbic Lobe,Cingulate Gyrus,Brodmann area 23,0
5,-30,30,Limbic Lobe,Cingulate Gyrus,Brodmann area 23,0
5,-25,30,Limbic Lobe,Cingulate Gyrus,Brodmann area 23,0
5,-20,30,Limbic Lobe,Cingulate Gyrus,Brodmann area 23,0
5,-15,30,Limbic Lobe,Cingulate Gyrus,Brodmann area 23,0
5,-10,30,Limbic Lobe,Cingulate Gyrus,Brodmann area 24,0
5,-5,30,Limbic Lobe,Cingulate Gyrus,Brodmann area 24,0
5,0,30,Limbic Lobe,Cingulate Gyrus,Brodmann area 24,0
5,5,30,Limbic Lobe,Cingulate Gyrus,Brodmann area 24,0
5,10,30,Limbic Lobe,Cingulate Gyrus,Brodmann area 24,0
5,15,30,Limbic Lobe,Cingulate Gyrus,Brodmann area 24,0
5,20,30,Limbic Lobe,Cingulate Gyrus,Brodmann area 32,0
5,25,30,Limbic Lobe,Cingulate Gyrus,Brodmann area 32,0
5,30,30,Limbic Lobe,Cingulate Gyrus,Brodmann area 32,0
5,35,30,Limbic Lobe,Cingulate Gyrus,Brodmann area 32,0
5,40,30,Frontal Lobe,Medial Frontal Gyrus,Brodmann area 9,0
5,45,30,Frontal Lobe,Medial Frontal Gyrus,Brodmann area 9,0
5,50,30,Frontal Lobe,Medial Frontal Gyrus,Brodmann area 9,0
5,55,30,Frontal Lobe,Superior Frontal Gyrus,Brodmann area 9,0
5,60,30,Frontal Lobe,Superior Frontal Gyrus,Brodmann area 10,0
10,-90,30,Occipital Lobe,Cuneus,Brodmann area 19,0
10,-80,30,Occipital Lobe,Cuneus,Brodmann area 19,0
10,-75,30,Occipital Lobe,Cuneus,Brodmann area 7,0
10,-70,30,Occipital Lobe,Cuneus,Brodmann area 7,0
10,-65,30,Parietal Lobe,Precuneus,Brodmann area 7,0
10,-60,30,Occipital Lobe,Precuneus,Brodmann area 31,0
10,-55,30,Parietal Lobe,Precuneus,Brodmann area 31,0
10,-50,30,Parietal Lobe,Precuneus,Brodmann area 31,0
10,-45,30,Limbic Lobe,Cingulate Gyrus,Brodmann area 31,0
10,15,30,Limbic Lobe,Cingulate Gyrus,Brodmann area 24,0
10,20,30,Limbic Lobe,Cingulate Gyrus,Brodmann area 32,0
10,25,30,Limbic Lobe,Anterior Cingulate,Brodmann area 32,0
10,30,30,Limbic Lobe,Cingulate Gyrus,Brodmann area 32,0
10,35,30,Frontal Lobe,Medial Frontal Gyrus,Brodmann area 9,0
10,40,30,Frontal Lobe,Medial Frontal Gyrus,Brodmann area 9,0
10,45,30,Frontal Lobe,Medial Frontal Gyrus,Brodmann area 9,0
10,50,30,Frontal Lobe,Superior Frontal Gyrus,Brodmann area 9,0
10,55,30,Frontal Lobe,Superior Frontal Gyrus,Brodmann area 9,0
10,60,30,Frontal Lobe,Superior Frontal Gyrus,Brodmann area 10,0
15,-85,30,Occipital Lobe,Cuneus,Brodmann area 19,0
15,-80,30,Occipital Lobe,Cuneus,Brodmann area 19,0
15,-75,30,Occipital Lobe,Cuneus,Brodmann area 7,0
15,-70,30,Parietal Lobe,Precuneus,Brodmann area 7,0
15,-60,30,Occipital Lobe,Precuneus,Brodmann area 31,0
15,-55,30,Parietal Lobe,Precuneus,Brodmann area 31,0
15,-50,30,Parietal Lobe,Precuneus,Brodmann area 31,0
15,-45,30,Limbic Lobe,Cingulate Gyrus,Brodmann area 31,0
15,30,30,Limbic Lobe,Cingulate Gyrus,Brodmann area 32,0
15,35,30,Frontal Lobe,Medial Frontal Gyrus,Brodmann area 9,0
15,40,30,Frontal Lobe,Medial Frontal Gyrus,Brodmann area 9,0
15,50,30,Frontal Lobe,Superior Frontal Gyrus,Brodmann area 9,0
15,60,30,Frontal Lobe,Superior Frontal Gyrus,Brodmann area 10,0
20,-90,30,Occipital Lobe,Cuneus,Brodmann area 19,0
20,-85,30,Occipital Lobe,Cuneus,Brodmann area 19,0
20,-80,30,Occipital Lobe,Cuneus,Brodmann area 7,0
20,-65,30,Parietal Lobe,Precuneus,Brodmann area 7,0
20,-45,30,Parietal Lobe,Precuneus,Brodmann area 31,0
20,30,30,Frontal Lobe,Medial Frontal Gyrus,Brodmann area 9,0
20,35,30,Frontal Lobe,Medial Frontal Gyrus,Brodmann area 9,0
20,55,30,Frontal Lobe,Superior Frontal Gyrus,Brodmann area 9,0
25,-90,30,Occipital Lobe,Cuneus,Brodmann area 19,0
25,-85,30,Occipital Lobe,Cuneus,Brodmann area 19,0
25,45,30,Frontal Lobe,Superior Frontal Gyrus,Brodmann area 10,0
25,50,30,Frontal Lobe,Superior Frontal Gyrus,Brodmann area 10,0
25,55,30,Frontal Lobe,Superior Frontal Gyrus,Brodmann area 10,0
30,-85,30,Occipital Lobe,Cuneus,Brodmann area 19,0
30,35,30,Frontal Lobe,Middle Frontal Gyrus,Brodmann area 9,0
30,45,30,Frontal Lobe,Middle Frontal Gyrus,Brodmann area 10,0
30,50,30,Frontal Lobe,Superior Frontal Gyrus,Brodmann area 10,0
35,-85,30,Occipital Lobe,Superior Occipital Gyrus,Brodmann area 19,0
35,-80,30,Temporal Lobe,Superior Occipital Gyrus,Brodmann area 39,0
35,-60,30,Temporal Lobe,Superior Temporal Gyrus,Brodmann area 39,0
35,5,30,Frontal Lobe,Inferior Frontal Gyrus,Brodmann area 9,0
35,45,30,Frontal Lobe,Middle Frontal Gyrus,Brodmann area 10,0
35,50,30,Frontal Lobe,Superior Frontal Gyrus,Brodmann area 10,0
40,-80,30,Temporal Lobe,Angular Gyrus,Brodmann area 39,0
40,-60,30,Temporal Lobe,Superior Temporal Gyrus,Brodmann area 39,0
40,-30,30,Parietal Lobe,Postcentral Gyrus,Brodmann area 2,0
40,0,30,Frontal Lobe,Precentral Gyrus,Brodmann area 6,0
40,5,30,Frontal Lobe,Inferior Frontal Gyrus,Brodmann area 9,0
40,45,30,Frontal Lobe,Middle Frontal Gyrus,Brodmann area 10,0
45,-75,30,Temporal Lobe,Angular Gyrus,Brodmann area 39,0
45,-60,30,Temporal Lobe,Superior Temporal Gyrus,Brodmann area 39,0
45,-30,30,Parietal Lobe,Inferior Parietal Lobule,Brodmann area 40,0
45,0,30,Frontal Lobe,Precentral Gyrus,Brodmann area 6,0
45,5,30,Frontal Lobe,Inferior Frontal Gyrus,Brodmann area 9,0
45,10,30,Frontal Lobe,Inferior Frontal Gyrus,Brodmann area 9,0
45,40,30,Frontal Lobe,Middle Frontal Gyrus,Brodmann area 46,0
50,-75,30,Temporal Lobe,Angular Gyrus,Brodmann area 39,0
50,-70,30,Parietal Lobe,Angular Gyrus,Brodmann area 39,0
50,-65,30,Parietal Lobe,Angular Gyrus,Brodmann area 39,0
50,-30,30,Parietal Lobe,Inferior Parietal Lobule,Brodmann area 40,0
50,-25,30,Parietal Lobe,Postcentral Gyrus,Brodmann area 2,0
50,0,30,Frontal Lobe,Precentral Gyrus,Brodmann area 6,0
50,5,30,Frontal Lobe,Inferior Frontal Gyrus,Brodmann area 9,0
50,10,30,Frontal Lobe,Inferior Frontal Gyrus,Brodmann area 9,0
50,15,30,Frontal Lobe,Middle Frontal Gyrus,Brodmann area 9,0
55,-65,30,Parietal Lobe,Angular Gyrus,Brodmann area 39,0
55,-60,30,Temporal Lobe,Superior Temporal Gyrus,Brodmann area 39,0
55,-55,30,Parietal Lobe,Supramarginal Gyrus,Brodmann area 40,0
55,-50,30,Parietal Lobe,Supramarginal Gyrus,Brodmann area 40,0
55,-45,30,Parietal Lobe,Inferior Parietal Lobule,Brodmann area 40,0
55,-35,30,Parietal Lobe,Inferior Parietal Lobule,Brodmann area 40,0
55,-30,30,Parietal Lobe,Inferior Parietal Lobule,Brodmann area 40,0
55,-25,30,Parietal Lobe,Postcentral Gyrus,Brodmann area 2,0
55,-20,30,Parietal Lobe,Postcentral Gyrus,Brodmann area 2,0
55,0,30,Frontal Lobe,Precentral Gyrus,Brodmann area 6,0
55,5,30,Frontal Lobe,Inferior Frontal Gyrus,Brodmann area 9,0
55,10,30,Frontal Lobe,Inferior Frontal Gyrus,Brodmann area 9,0
55,15,30,Frontal Lobe,Middle Frontal Gyrus,Brodmann area 9,0
60,-55,30,Parietal Lobe,Supramarginal Gyrus,Brodmann area 40,0
60,-50,30,Parietal Lobe,Supramarginal Gyrus,Brodmann area 40,0
60,-45,30,Parietal Lobe,Supramarginal Gyrus,Brodmann area 40,0
60,-40,30,Parietal Lobe,Inferior Parietal Lobule,Brodmann area 40,0
60,-35,30,Parietal Lobe,Inferior Parietal Lobule,Brodmann area 40,0
60,-30,30,Parietal Lobe,Inferior Parietal Lobule,Brodmann area 40,0
60,-25,30,Parietal Lobe,Inferior Parietal Lobule,Brodmann area 40,0
60,-20,30,Parietal Lobe,Postcentral Gyrus,Brodmann area 2,0
60,-15,30,Parietal Lobe,Postcentral Gyrus,Brodmann area 3,0
60,0,30,Frontal Lobe,Precentral Gyrus,Brodmann area 6,0
60,5,30,Frontal Lobe,Inferior Frontal Gyrus,Brodmann area 9,0
60,10,30,Frontal Lobe,Inferior Frontal Gyrus,Brodmann area 9,0
65,-50,30,Parietal Lobe,Supramarginal Gyrus,Brodmann area 40,0
65,-45,30,Parietal Lobe,Supramarginal Gyrus,Brodmann area 40,0
65,-40,30,Parietal Lobe,Inferior Parietal Lobule,Brodmann area 40,0
65,-35,30,Parietal Lobe,Inferior Parietal Lobule,Brodmann area 40,0
65,-30,30,Parietal Lobe,Inferior Parietal Lobule,Brodmann area 40,0
65,-25,30,Parietal Lobe,Inferior Parietal Lobule,Brodmann area 40,0
65,-20,30,Parietal Lobe,Postcentral Gyrus,Brodmann area 1,0
65,-15,30,Parietal Lobe,Postcentral Gyrus,Brodmann area 3,0
65,-10,30,Frontal Lobe,Precentral Gyrus,Brodmann area 4,0
65,-5,30,Frontal Lobe,Precentral Gyrus,Brodmann area 6,0
-65,-40,35,Parietal Lobe,Inferior Parietal Lobule,Brodmann area 40,0
-65,-35,35,Parietal Lobe,Inferior Parietal Lobule,Brodmann area 40,0
-65,-30,35,Parietal Lobe,Inferior Parietal Lobule,Brodmann area 40,0
-65,-25,35,Parietal Lobe,Postcentral Gyrus,Brodmann area 2,0
-65,-20,35,Parietal Lobe,Postcentral Gyrus,Brodmann area 1,0
-60,-55,35,Parietal Lobe,Supramarginal Gyrus,Brodmann area 40,0
-60,-50,35,Parietal Lobe,Supramarginal Gyrus,Brodmann area 40,0
-60,-45,35,Parietal Lobe,Supramarginal Gyrus,Brodmann area 40,0
-60,-40,35,Parietal Lobe,Inferior Parietal Lobule,Brodmann area 40,0
-60,-35,35,Parietal Lobe,Inferior Parietal Lobule,Brodmann area 40,0
-60,-30,35,Parietal Lobe,Inferior Parietal Lobule,Brodmann area 40,0
-60,-25,35,Parietal Lobe,Postcentral Gyrus,Brodmann area 2,0
-60,-20,35,Parietal Lobe,Postcentral Gyrus,Brodmann area 3,0
-60,-15,35,Frontal Lobe,Precentral Gyrus,Brodmann area 4,0
-60,-5,35,Frontal Lobe,Precentral Gyrus,Brodmann area 6,0
-60,0,35,Frontal Lobe,Precentral Gyrus,Brodmann area 6,0
-55,-65,35,Parietal Lobe,Angular Gyrus,Brodmann area 39,0
-55,-60,35,Parietal Lobe,Angular Gyrus,Brodmann area 39,0
-55,-45,35,Parietal Lobe,Supramarginal Gyrus,Brodmann area 40,0
-55,-40,35,Parietal Lobe,Supramarginal Gyrus,Brodmann area 40,0
-55,-35,35,Parietal Lobe,Inferior Parietal Lobule,Brodmann area 40,0
-55,-30,35,Parietal Lobe,Inferior Parietal Lobule,Brodmann area 40,0
-55,-25,35,Parietal Lobe,Postcentral Gyrus,Brodmann area 2,0
-55,-20,35,Parietal Lobe,Postcentral Gyrus,Brodmann area 2,0
-55,-15,35,Frontal Lobe,Precentral Gyrus,Brodmann area 4,0
-55,-5,35,Frontal Lobe,Precentral Gyrus,Brodmann area 6,0
-55,0,35,Frontal Lobe,Precentral Gyrus,Brodmann area 6,0
-55,5,35,Frontal Lobe,Inferior Frontal Gyrus,Brodmann area 9,0
-55,10,35,Frontal Lobe,Inferior Frontal Gyrus,Brodmann area 9,0
-55,15,35,Frontal Lobe,Middle Frontal Gyrus,Brodmann area 9,0
-50,-70,35,Parietal Lobe,Angular Gyrus,Brodmann area 39,0
-50,-35,35,Parietal Lobe,Inferior Parietal Lobule,Brodmann area 40,0
-50,-30,35,Parietal Lobe,Postcentral Gyrus,Brodmann area 2,0
-50,-25,35,Parietal Lobe,Postcentral Gyrus,Brodmann area 2,0
-50,-10,35,Frontal Lobe,Precentral Gyrus,Brodmann area 6,0
-50,-5,35,Frontal Lobe,Precentral Gyrus,Brodmann area 6,0
-50,0,35,Frontal Lobe,Precentral Gyrus,Brodmann area 6,0
-50,5,35,Frontal Lobe,Inferior Frontal Gyrus,Brodmann area 9,0
-50,10,35,Frontal Lobe,Inferior Frontal Gyrus,Brodmann area 9,0
-50,25,35,Frontal Lobe,Middle Frontal Gyrus,Brodmann area 9,0
-45,-75,35,Parietal Lobe,Angular Gyrus,Brodmann area 39,0
-45,-70,35,Parietal Lobe,Angular Gyrus,Brodmann area 39,0
-45,-45,35,Parietal Lobe,Supramarginal Gyrus,Brodmann area 40,0
-45,-35,35,Parietal Lobe,Inferior Parietal Lobule,Brodmann area 40,0
-45,-30,35,Parietal Lobe,Postcentral Gyrus,Brodmann area 2,0
-45,-10,35,Frontal Lobe,Precentral Gyrus,Brodmann area 6,0
-45,-5,35,Frontal Lobe,Precentral Gyrus,Brodmann area 6,0
-45,0,35,Frontal Lobe,Inferior Frontal Gyrus,Brodmann area 6,0
-45,5,35,Frontal Lobe,Inferior Frontal Gyrus,Brodmann area 9,0
-45,20,35,Frontal Lobe,Middle Frontal Gyrus,Brodmann area 9,4
-45,30,35,Frontal Lobe,Middle Frontal Gyrus,Brodmann area 9,0
-40,-80,35,Parietal Lobe,Precuneus,Brodmann area 19,0
-40,-70,35,Parietal Lobe,Precuneus,Brodmann area 39,0
-40,-65,35,Parietal Lobe,Angular Gyrus,Brodmann area 39,0
-40,-50,35,Parietal Lobe,Supramarginal Gyrus,Brodmann area 40,0
-40,-45,35,Parietal Lobe,Supramarginal Gyrus,Brodmann area 40,0
-40,-35,35,Parietal Lobe,Inferior Parietal Lobule,Brodmann area 40,0
-40,-30,35,Parietal Lobe,Postcentral Gyrus,Brodmann area 2,0
-40,-10,35,Frontal Lobe,Precentral Gyrus,Brodmann area 6,0
-40,15,35,Frontal Lobe,Middle Frontal Gyrus,Brodmann area 9,4
-40,20,35,Frontal Lobe,Middle Frontal Gyrus,Brodmann area 9,4
-40,25,35,Frontal Lobe,Middle Frontal Gyrus,Brodmann area 9,4
-40,30,35,Frontal Lobe,Middle Frontal Gyrus,Brodmann area 9,0
-40,35,35,Frontal Lobe,Superior Frontal Gyrus,Brodmann area 9,0
-35,-85,35,Parietal Lobe,Precuneus,Brodmann area 19,0
-35,-80,35,Parietal Lobe,Precuneus,Brodmann area 19,0
-35,-65,35,Parietal Lobe,Angular Gyrus,Brodmann area 39,0
-35,-45,35,Parietal Lobe,Sub-Gyral,Brodmann area 40,0
-35,-10,35,Frontal Lobe,Precentral Gyrus,Brodmann area 6,0
-35,15,35,Frontal Lobe,Middle Frontal Gyrus,Brodmann area 9,4
-35,20,35,Frontal Lobe,Middle Frontal Gyrus,Brodmann area 9,4
-35,25,35,Frontal Lobe,Middle Frontal Gyrus,Brodmann area 9,0
-35,30,35,Frontal Lobe,Middle Frontal Gyrus,Brodmann area 9,0
-35,35,35,Frontal Lobe,Superior Frontal Gyrus,Brodmann area 9,0
-35,45,35,Frontal Lobe,Superior Frontal Gyrus,Brodmann area 9,0
-30,-85,35,Parietal Lobe,Precuneus,Brodmann area 19,0
-30,-75,35,Parietal Lobe,Precuneus,Brodmann area 19,0
-30,-65,35,Parietal Lobe,Angular Gyrus,Brodmann area 39,0
-30,20,35,Frontal Lobe,Middle Frontal Gyrus,Brodmann area 9,0
-30,30,35,Frontal Lobe,Middle Frontal Gyrus,Brodmann area 9,0
-30,35,35,Frontal Lobe,Middle Frontal Gyrus,Brodmann area 9,0
-30,40,35,Frontal Lobe,Middle Frontal Gyrus,Brodmann area 9,0
-30,45,35,Frontal Lobe,Superior Frontal Gyrus,Brodmann area 9,0
-30,50,35,Frontal Lobe,Superior Frontal Gyrus,Brodmann area 9,0
-25,-90,35,Occipital Lobe,Cuneus,Brodmann area 19,0
-25,-85,35,Parietal Lobe,Precuneus,Brodmann area 19,0
-25,-80,35,Parietal Lobe,Precuneus,Brodmann area 19,0
-25,-75,35,Parietal Lobe,Precuneus,Brodmann area 19,0
-25,-70,35,Parietal Lobe,Precuneus,Brodmann area 7,0
-25,30,35,Frontal Lobe,Sub-Gyral,Brodmann area 9,0
-25,45,35,Frontal Lobe,Superior Frontal Gyrus,Brodmann area 9,0
-20,-90,35,Occipital Lobe,Cuneus,Brodmann area 19,0
-20,-85,35,Parietal Lobe,Precuneus,Brodmann area 19,0
-20,-80,35,Parietal Lobe,Precuneus,Brodmann area 19,0
-20,-70,35,Parietal Lobe,Precuneus,Brodmann area 7,0
-20,-50,35,Limbic Lobe,Sub-Gyral,Brodmann area 31,0
-20,-45,35,Parietal Lobe,Precuneus,Brodmann area 31,0
-20,40,35,Frontal Lobe,Superior Frontal Gyrus,Brodmann area 9,0
-20,45,35,Frontal Lobe,Superior Frontal Gyrus,Brodmann area 9,0
-20,50,35,Frontal Lobe,Superior Frontal Gyrus,Brodmann area 9,0
-20,55,35,Frontal Lobe,Superior Frontal Gyrus,Brodmann area 9,0
-15,-90,35,Occipital Lobe,Cuneus,Brodmann area 19,0
-15,-85,35,Occipital Lobe,Cuneus,Brodmann area 19,0
-15,-80,35,Parietal Lobe,Precuneus,Brodmann area 7,0
-15,-75,35,Parietal Lobe,Precuneus,Brodmann area 7,0
-15,-50,35,Parietal Lobe,Precuneus,Brodmann area 31,0
-15,-45,35,Limbic Lobe,Cingulate Gyrus,Brodmann area 31,0
-15,15,35,Limbic Lobe,Cingulate Gyrus,Brodmann area 32,0
-15,25,35,Frontal Lobe,Medial Frontal Gyrus,Brodmann area 9,0
-15,55,35,Frontal Lobe,Superior Frontal Gyrus,Brodmann area 9,0
-10,-90,35,Occipital Lobe,Cuneus,Brodmann area 19,0
-10,-85,35,Occipital Lobe,Cuneus,Brodmann area 19,0
-10,-80,35,Occipital Lobe,Cuneus,Brodmann area 19,0
-10,-75,35,Parietal Lobe,Precuneus,Brodmann area 7,0
-10,-70,35,Parietal Lobe,Precuneus,Brodmann area 7,0
-10,-50,35,Parietal Lobe,Precuneus,Brodmann area 31,0
-10,-45,35,Limbic Lobe,Cingulate Gyrus,Brodmann area 31,0
-10,10,35,Limbic Lobe,Cingulate Gyrus,Brodmann area 24,0
-10,15,35,Limbic Lobe,Cingulate Gyrus,Brodmann area 32,0
-10,25,35,Limbic Lobe,Cingulate Gyrus,Brodmann area 32,0
-10,35,35,Frontal Lobe,Medial Frontal Gyrus,Brodmann area 9,0
-10,45,35,Frontal Lobe,Medial Frontal Gyrus,Brodmann area 9,0
-10,50,35,Frontal Lobe,Superior Frontal Gyrus,Brodmann area 9,0
-10,55,35,Frontal Lobe,Superior Frontal Gyrus,Brodmann area 9,0
-5,-90,35,Occipital Lobe,Cuneus,Brodmann area 19,0
-5,-85,35,Occipital Lobe,Cuneus,Brodmann area 19,0
-5,-80,35,Occipital Lobe,Cuneus,Brodmann area 19,0
-5,-75,35,Parietal Lobe,Precuneus,Brodmann area 7,0
-5,-70,35,Parietal Lobe,Precuneus,Brodmann area 7,0
-5,-65,35,Parietal Lobe,Precuneus,Brodmann area 7,0
-5,-50,35,Parietal Lobe,Precuneus,Brodmann area 31,0
-5,-45,35,Limbic Lobe,Cingulate Gyrus,Brodmann area 31,0
-5,-20,35,Limbic Lobe,Cingulate Gyrus,Brodmann area 23,0
-5,-15,35,Limbic Lobe,Cingulate Gyrus,Brodmann area 23,0
-5,-10,35,Limbic Lobe,Cingulate Gyrus,Brodmann area 24,0
-5,-5,35,Limbic Lobe,Cingulate Gyrus,Brodmann area 24,0
-5,0,35,Limbic Lobe,Cingulate Gyrus,Brodmann area 24,0
-5,5,35,Limbic Lobe,Cingulate Gyrus,Brodmann area 24,0
-5,10,35,Limbic Lobe,Cingulate Gyrus,Brodmann area 24,0
-5,15,35,Limbic Lobe,Cingulate Gyrus,Brodmann area 32,0
-5,25,35,Limbic Lobe,Cingulate Gyrus,Brodmann area 32,0
-5,30,35,Frontal Lobe,Medial Frontal Gyrus,Brodmann area 9,0
-5,35,35,Frontal Lobe,Medial Frontal Gyrus,Brodmann area 9,0
-5,40,35,Frontal Lobe,Medial Frontal Gyrus,Brodmann area 9,0
-5,45,35,Frontal Lobe,Medial Frontal Gyrus,Brodmann area 9,0
-5,50,35,Frontal Lobe,Superior Frontal Gyrus,Brodmann area 9,0
-5,55,35,Frontal Lobe,Superior Frontal Gyrus,Brodmann area 9,0
0,-75,35,Parietal Lobe,Precuneus,Brodmann area 7,0
0,-65,35,Parietal Lobe,Precuneus,Brodmann area 7,0
0,-60,35,Parietal Lobe,Precuneus,Brodmann area 7,0
0,-55,35,Parietal Lobe,Precuneus,Brodmann area 7,0
0,-50,35,Parietal Lobe,Precuneus,Brodmann area 31,0
0,-45,35,Limbic Lobe,Cingulate Gyrus,Brodmann area 31,0
0,-40,35,Limbic Lobe,Cingulate Gyrus,Brodmann area 31,0
0,-35,35,Limbic Lobe,Cingulate Gyrus,Brodmann area 31,0
0,-30,35,Limbic Lobe,Cingulate Gyrus,Brodmann area 31,0
0,-25,35,Limbic Lobe,Cingulate Gyrus,Brodmann area 23,0
0,-20,35,Limbic Lobe,Cingulate Gyrus,Brodmann area 23,0
0,-15,35,Limbic Lobe,Cingulate Gyrus,Brodmann area 23,0
0,-10,35,Limbic Lobe,Cingulate Gyrus,Brodmann area 24,0
0,-5,35,Limbic Lobe,Cingulate Gyrus,Brodmann area 24,0
0,0,35,Limbic Lobe,Cingulate Gyrus,Brodmann area 24,0
0,10,35,Limbic Lobe,Cingulate Gyrus,Brodmann area 24,0
0,15,35,Limbic Lobe,Cingulate Gyrus,Brodmann area 32,0
0,20,35,Limbic Lobe,Cingulate Gyrus,Brodmann area 32,0
0,25,35,Limbic Lobe,Cingulate Gyrus,Brodmann area 32,0
0,35,35,Frontal Lobe,Medial Frontal Gyrus,Brodmann area 9,0
0,40,35,Frontal Lobe,Medial Frontal Gyrus,Brodmann area 9,0
0,45,35,Frontal Lobe,Medial Frontal Gyrus,Brodmann area 9,0
0,50,35,Frontal Lobe,Medial Frontal Gyrus,Brodmann area 9,0
5,-90,35,Occipital Lobe,Cuneus,Brodmann area 19,0
5,-85,35,Occipital Lobe,Cuneus,Brodmann area 19,0
5,-80,35,Occipital Lobe,Cuneus,Brodmann area 19,0
5,-75,35,Parietal Lobe,Precuneus,Brodmann area 7,0
5,-70,35,Parietal Lobe,Precuneus,Brodmann area 7,0
5,-65,35,Parietal Lobe,Precuneus,Brodmann area 7,0
5,-60,35,Parietal Lobe,Precuneus,Brodmann area 7,0
5,-55,35,Parietal Lobe,Precuneus,Brodmann area 7,0
5,-50,35,Parietal Lobe,Precuneus,Brodmann area 31,0
5,-45,35,Limbic Lobe,Cingulate Gyrus,Brodmann area 31,0
5,-40,35,Limbic Lobe,Cingulate Gyrus,Brodmann area 31,0
5,-35,35,Limbic Lobe,Cingulate Gyrus,Brodmann area 31,0
5,-30,35,Limbic Lobe,Cingulate Gyrus,Brodmann area 31,0
5,-25,35,Limbic Lobe,Cingulate Gyrus,Brodmann area 23,0
5,-20,35,Limbic Lobe,Cingulate Gyrus,Brodmann area 23,0
5,-15,35,Limbic Lobe,Cingulate Gyrus,Brodmann area 23,0
5,-10,35,Limbic Lobe,Cingulate Gyrus,Brodmann area 24,0
5,-5,35,Limbic Lobe,Cingulate Gyrus,Brodmann area 24,0
5,0,35,Limbic Lobe,Cingulate Gyrus,Brodmann area 24,0
5,5,35,Limbic Lobe,Cingulate Gyrus,Brodmann area 24,0
5,10,35,Limbic Lobe,Cingulate Gyrus,Brodmann area 24,0
5,15,35,Limbic Lobe,Cingulate Gyrus,Brodmann area 32,0
5,20,35,Limbic Lobe,Cingulate Gyrus,Brodmann area 32,0
5,25,35,Limbic Lobe,Cingulate Gyrus,Brodmann area 32,0
5,30,35,Frontal Lobe,Medial Frontal Gyrus,Brodmann area 9,0
5,35,35,Frontal Lobe,Medial Frontal Gyrus,Brodmann area 9,0
5,40,35,Frontal Lobe,Medial Frontal Gyrus,Brodmann area 9,0
5,45,35,Frontal Lobe,Medial Frontal Gyrus,Brodmann area 9,0
5,50,35,Frontal Lobe,Superior Frontal Gyrus,Brodmann area 9,0
5,55,35,Frontal Lobe,Superior Frontal Gyrus,Brodmann area 9,0
10,-90,35,Occipital Lobe,Cuneus,Brodmann area 19,0
10,-80,35,Occipital Lobe,Cuneus,Brodmann area 19,0
10,-75,35,Parietal Lobe,Precuneus,Brodmann area 7,0
10,-70,35,Parietal Lobe,Precuneus,Brodmann area 7,0
10,-50,35,Parietal Lobe,Precuneus,Brodmann area 31,0
10,-45,35,Limbic Lobe,Cingulate Gyrus,Brodmann area 31,0
10,-10,35,Limbic Lobe,Cingulate Gyrus,Brodmann area 24,0
10,10,35,Limbic Lobe,Cingulate Gyrus,Brodmann area 24,0
10,15,35,Limbic Lobe,Cingulate Gyrus,Brodmann area 32,0
10,25,35,Limbic Lobe,Cingulate Gyrus,Brodmann area 32,0
10,30,35,Frontal Lobe,Medial Frontal Gyrus,Brodmann area 9,0
10,35,35,Frontal Lobe,Medial Frontal Gyrus,Brodmann area 9,0
10,45,35,Frontal Lobe,Medial Frontal Gyrus,Brodmann area 9,0
10,50,35,Frontal Lobe,Superior Frontal Gyrus,Brodmann area 9,0
10,55,35,Frontal Lobe,Superior Frontal Gyrus,Brodmann area 9,0
15,-90,35,Occipital Lobe,Cuneus,Brodmann area 19,0
15,-85,35,Occipital Lobe,Cuneus,Brodmann area 19,0
15,-80,35,Parietal Lobe,Precuneus,Brodmann area 7,0
15,-75,35,Parietal Lobe,Precuneus,Brodmann area 7,0
15,-50,35,Parietal Lobe,Precuneus,Brodmann area 31,0
15,-45,35,Limbic Lobe,Cingulate Gyrus,Brodmann area 31,0
15,15,35,Limbic Lobe,Cingulate Gyrus,Brodmann area 32,0
15,25,35,Frontal Lobe,Medial Frontal Gyrus,Brodmann area 9,0
15,35,35,Frontal Lobe,Medial Frontal Gyrus,Brodmann area 9,0
15,55,35,Frontal Lobe,Superior Frontal Gyrus,Brodmann area 9,0
20,-90,35,Occipital Lobe,Cuneus,Brodmann area 19,0
20,-85,35,Parietal Lobe,Precuneus,Brodmann area 19,0
20,-80,35,Parietal Lobe,Precuneus,Brodmann area 7,0
20,-70,35,Parietal Lobe,Precuneus,Brodmann area 7,0
20,-50,35,Parietal Lobe,Precuneus,Brodmann area 31,0
20,-45,35,Limbic Lobe,Cingulate Gyrus,Brodmann area 31,0
20,40,35,Frontal Lobe,Superior Frontal Gyrus,Brodmann area 9,0
20,45,35,Frontal Lobe,Superior Frontal Gyrus,Brodmann area 9,0
20,50,35,Frontal Lobe,Superior Frontal Gyrus,Brodmann area 9,0
20,55,35,Frontal Lobe,Superior Frontal Gyrus,Brodmann area 9,0
25,-85,35,Occipital Lobe,Cuneus,Brodmann area 19,0
25,-80,35,Parietal Lobe,Precuneus,Brodmann area 19,0
25,-75,35,Parietal Lobe,Precuneus,Brodmann area 19,0
25,-70,35,Parietal Lobe,Precuneus,Brodmann area 7,0
25,40,35,Frontal Lobe,Superior Frontal Gyrus,Brodmann area 9,0
25,45,35,Frontal Lobe,Superior Frontal Gyrus,Brodmann area 9,0
30,-85,35,Parietal Lobe,Precuneus,Brodmann area 19,0
30,-75,35,Parietal Lobe,Precuneus,Brodmann area 19,0
30,30,35,Frontal Lobe,Middle Frontal Gyrus,Brodmann area 9,0
30,35,35,Frontal Lobe,Middle Frontal Gyrus,Brodmann area 9,0
30,45,35,Frontal Lobe,Superior Frontal Gyrus,Brodmann area 9,0
35,-85,35,Parietal Lobe,Precuneus,Brodmann area 19,0
35,-80,35,Parietal Lobe,Precuneus,Brodmann area 19,0
35,-65,35,Parietal Lobe,Angular Gyrus,Brodmann area 39,0
35,15,35,Frontal Lobe,Middle Frontal Gyrus,Brodmann area 9,0
35,20,35,Frontal Lobe,Middle Frontal Gyrus,Brodmann area 9,0
35,25,35,Frontal Lobe,Middle Frontal Gyrus,Brodmann area 9,0
35,30,35,Frontal Lobe,Middle Frontal Gyrus,Brodmann area 9,0
35,35,35,Frontal Lobe,Superior Frontal Gyrus,Brodmann area 9,0
35,45,35,Frontal Lobe,Superior Frontal Gyrus,Brodmann area 9,0
40,-80,35,Parietal Lobe,Precuneus,Brodmann area 19,0
40,-70,35,Parietal Lobe,Precuneus,Brodmann area 39,0
40,-65,35,Parietal Lobe,Angular Gyrus,Brodmann area 39,0
40,-50,35,Parietal Lobe,Supramarginal Gyrus,Brodmann area 40,0
40,-45,35,Parietal Lobe,Supramarginal Gyrus,Brodmann area 40,0
40,-35,35,Parietal Lobe,Inferior Parietal Lobule,Brodmann area 40,0
40,-30,35,Parietal Lobe,Postcentral Gyrus,Brodmann area 2,0
40,-10,35,Frontal Lobe,Precentral Gyrus,Brodmann area 6,0
40,15,35,Frontal Lobe,Middle Frontal Gyrus,Brodmann area 9,0
40,20,35,Frontal Lobe,Middle Frontal Gyrus,Brodmann area 9,0
40,25,35,Frontal Lobe,Middle Frontal Gyrus,Brodmann area 9,0
40,30,35,Frontal Lobe,Middle Frontal Gyrus,Brodmann area 9,0
40,35,35,Frontal Lobe,Superior Frontal Gyrus,Brodmann area 9,0
40,40,35,Frontal Lobe,Superior Frontal Gyrus,Brodmann area 9,0
45,-75,35,Parietal Lobe,Precuneus,Brodmann area 39,0
45,-70,35,Parietal Lobe,Angular Gyrus,Brodmann area 39,0
45,-50,35,Parietal Lobe,Supramarginal Gyrus,Brodmann area 40,0
45,-45,35,Parietal Lobe,Supramarginal Gyrus,Brodmann area 40,0
45,-35,35,Parietal Lobe,Inferior Parietal Lobule,Brodmann area 40,0
45,-30,35,Parietal Lobe,Postcentral Gyrus,Brodmann area 2,0
45,-10,35,Frontal Lobe,Precentral Gyrus,Brodmann area 6,0
45,-5,35,Frontal Lobe,Precentral Gyrus,Brodmann area 6,0
45,0,35,Frontal Lobe,Inferior Frontal Gyrus,Brodmann area 6,0
45,5,35,Frontal Lobe,Inferior Frontal Gyrus,Brodmann area 9,0
45,15,35,Frontal Lobe,Middle Frontal Gyrus,Brodmann area 9,0
45,20,35,Frontal Lobe,Middle Frontal Gyrus,Brodmann area 9,0
45,25,35,Frontal Lobe,Middle Frontal Gyrus,Brodmann area 9,0
45,30,35,Frontal Lobe,Middle Frontal Gyrus,Brodmann area 9,0
45,35,35,Frontal Lobe,Superior Frontal Gyrus,Brodmann area 9,0
50,-70,35,Parietal Lobe,Angular Gyrus,Brodmann area 39,0
50,-35,35,Parietal Lobe,Inferior Parietal Lobule,Brodmann area 40,0
50,-30,35,Parietal Lobe,Postcentral Gyrus,Brodmann area 2,0
50,-25,35,Parietal Lobe,Postcentral Gyrus,Brodmann area 2,0
50,-10,35,Frontal Lobe,Precentral Gyrus,Brodmann area 6,0
50,-5,35,Frontal Lobe,Precentral Gyrus,Brodmann area 6,0
50,0,35,Frontal Lobe,Precentral Gyrus,Brodmann area 6,0
50,5,35,Frontal Lobe,Inferior Frontal Gyrus,Brodmann area 9,0
50,10,35,Frontal Lobe,Middle Frontal Gyrus,Brodmann area 9,0
50,30,35,Frontal Lobe,Middle Frontal Gyrus,Brodmann area 9,0
55,-40,35,Parietal Lobe,Supramarginal Gyrus,Brodmann area 40,0
55,-35,35,Parietal Lobe,Inferior Parietal Lobule,Brodmann area 40,0
55,-30,35,Parietal Lobe,Postcentral Gyrus,Brodmann area 2,0
55,-25,35,Parietal Lobe,Postcentral Gyrus,Brodmann area 2,0
55,-20,35,Parietal Lobe,Postcentral Gyrus,Brodmann area 2,0
55,-15,35,Frontal Lobe,Postcentral Gyrus,Brodmann area 4,0
55,-10,35,Frontal Lobe,Precentral Gyrus,Brodmann area 6,0
55,-5,35,Frontal Lobe,Precentral Gyrus,Brodmann area 6,0
55,0,35,Frontal Lobe,Precentral Gyrus,Brodmann area 6,0
55,5,35,Frontal Lobe,Inferior Frontal Gyrus,Brodmann area 9,0
55,10,35,Frontal Lobe,Inferior Frontal Gyrus,Brodmann area 9,0
55,15,35,Frontal Lobe,Middle Frontal Gyrus,Brodmann area 9,0
60,-55,35,Parietal Lobe,Supramarginal Gyrus,Brodmann area 40,0
60,-50,35,Parietal Lobe,Supramarginal Gyrus,Brodmann area 40,0
60,-45,35,Parietal Lobe,Supramarginal Gyrus,Brodmann area 40,0
60,-40,35,Parietal Lobe,Inferior Parietal Lobule,Brodmann area 40,0
60,-30,35,Parietal Lobe,Inferior Parietal Lobule,Brodmann area 40,0
60,-25,35,Parietal Lobe,Postcentral Gyrus,Brodmann area 2,0
60,-20,35,Parietal Lobe,Postcentral Gyrus,Brodmann area 3,0
60,-15,35,Frontal Lobe,Precentral Gyrus,Brodmann area 4,0
60,-5,35,Frontal Lobe,Precentral Gyrus,Brodmann area 6,0
60,0,35,Frontal Lobe,Precentral Gyrus,Brodmann area 6,0
60,5,35,Frontal Lobe,Precentral Gyrus,Brodmann area 6,0
65,-45,35,Parietal Lobe,Supramarginal Gyrus,Brodmann area 40,0
65,-40,35,Parietal Lobe,Inferior Parietal Lobule,Brodmann area 40,0
65,-35,35,Parietal Lobe,Inferior Parietal Lobule,Brodmann area 40,0
65,-30,35,Parietal Lobe,Inferior Parietal Lobule,Brodmann area 40,0
65,-25,35,Parietal Lobe,Postcentral Gyrus,Brodmann area 2,0
65,-20,35,Parietal Lobe,Postcentral Gyrus,Brodmann area 1,0
65,-15,35,Frontal Lobe,Precentral Gyrus,Brodmann area 4,0
-60,-50,40,Parietal Lobe,Inferior Parietal Lobule,Brodmann area 40,0
-60,-45,40,Parietal Lobe,Inferior Parietal Lobule,Brodmann area 40,0
-60,-40,40,Parietal Lobe,Inferior Parietal Lobule,Brodmann area 40,0
-60,-35,40,Parietal Lobe,Inferior Parietal Lobule,Brodmann area 40,0
-60,-30,40,Parietal Lobe,Postcentral Gyrus,Brodmann area 2,0
-60,-25,40,Parietal Lobe,Postcentral Gyrus,Brodmann area 3,0
-60,-20,40,Frontal Lobe,Precentral Gyrus,Brodmann area 4,0
-60,-15,40,Frontal Lobe,Precentral Gyrus,Brodmann area 4,0
-60,-10,40,Frontal Lobe,Precentral Gyrus,Brodmann area 6,0
-55,-60,40,Parietal Lobe,Inferior Parietal Lobule,Brodmann area 40,0
-55,-55,40,Parietal Lobe,Inferior Parietal Lobule,Brodmann area 40,0
-55,-45,40,Parietal Lobe,Inferior Parietal Lobule,Brodmann area 40,0
-55,-40,40,Parietal Lobe,Inferior Parietal Lobule,Brodmann area 40,0
-55,-35,40,Parietal Lobe,Inferior Parietal Lobule,Brodmann area 40,0
-55,-30,40,Parietal Lobe,Postcentral Gyrus,Brodmann area 2,0
-55,-25,40,Parietal Lobe,Postcentral Gyrus,Brodmann area 3,0
-55,-20,40,Parietal Lobe,Postcentral Gyrus,Brodmann area 3,0
-55,-15,40,Frontal Lobe,Precentral Gyrus,Brodmann area 4,0
-55,-5,40,Frontal Lobe,Precentral Gyrus,Brodmann area 6,0
-55,0,40,Frontal Lobe,Precentral Gyrus,Brodmann area 6,0
-50,-65,40,Parietal Lobe,Inferior Parietal Lobule,Brodmann area 39,0
-50,-60,40,Parietal Lobe,Inferior Parietal Lobule,Brodmann area 40,0
-50,-40,40,Parietal Lobe,Inferior Parietal Lobule,Brodmann area 40,0
-50,-35,40,Parietal Lobe,Inferior Parietal Lobule,Brodmann area 40,0
-50,-30,40,Parietal Lobe,Postcentral Gyrus,Brodmann area 2,0
-50,-20,40,Parietal Lobe,Postcentral Gyrus,Brodmann area 3,0
-50,-15,40,Frontal Lobe,Precentral Gyrus,Brodmann area 4,0
-50,-10,40,Frontal Lobe,Precentral Gyrus,Brodmann area 6,0
-50,-5,40,Frontal Lobe,Precentral Gyrus,Brodmann area 6,0
-50,0,40,Frontal Lobe,Precentral Gyrus,Brodmann area 6,0
-50,5,40,Frontal Lobe,Middle Frontal Gyrus,Brodmann area 9,0
-50,10,40,Frontal Lobe,Middle Frontal Gyrus,Brodmann area 9,0
-50,15,40,Frontal Lobe,Middle Frontal Gyrus,Brodmann area 9,0
-45,-70,40,Parietal Lobe,Inferior Parietal Lobule,Brodmann area 39,0
-45,-65,40,Parietal Lobe,Inferior Parietal Lobule,Brodmann area 40,0
-45,-55,40,Parietal Lobe,Inferior Parietal Lobule,Brodmann area 40,0
-45,-50,40,Parietal Lobe,Inferior Parietal Lobule,Brodmann area 40,0
-45,-45,40,Parietal Lobe,Inferior Parietal Lobule,Brodmann area 40,0
-45,-35,40,Parietal Lobe,Inferior Parietal Lobule,Brodmann area 40,0
-45,-30,40,Parietal Lobe,Postcentral Gyrus,Brodmann area 2,0
-45,-25,40,Parietal Lobe,Postcentral Gyrus,Brodmann area 3,0
-45,-20,40,Parietal Lobe,Postcentral Gyrus,Brodmann area 3,0
-45,-10,40,Frontal Lobe,Precentral Gyrus,Brodmann area 6,0
-45,-5,40,Frontal Lobe,Precentral Gyrus,Brodmann area 6,0
-45,0,40,Frontal Lobe,Precentral Gyrus,Brodmann area 6,0
-45,5,40,Frontal Lobe,Middle Frontal Gyrus,Brodmann area 9,0
-45,10,40,Frontal Lobe,Middle Frontal Gyrus,Brodmann area 9,4
-45,15,40,Frontal Lobe,Middle Frontal Gyrus,Brodmann area 9,4
-45,20,40,Frontal Lobe,Precentral Gyrus,Brodmann area 9,4
-45,25,40,Frontal Lobe,Middle Frontal Gyrus,Brodmann area 9,0
-45,30,40,Frontal Lobe,Middle Frontal Gyrus,Brodmann area 9,0
-40,-75,40,Parietal Lobe,Precuneus,Brodmann area 19,0
-40,-70,40,Parietal Lobe,Inferior Parietal Lobule,Brodmann area 39,0
-40,-55,40,Parietal Lobe,Inferior Parietal Lobule,Brodmann area 40,0
-40,-50,40,Parietal Lobe,Inferior Parietal Lobule,Brodmann area 40,0
-40,-45,40,Parietal Lobe,Inferior Parietal Lobule,Brodmann area 40,0
-40,-40,40,Parietal Lobe,Inferior Parietal Lobule,Brodmann area 40,0
-40,-35,40,Parietal Lobe,Inferior Parietal Lobule,Brodmann area 40,0
-40,-30,40,Parietal Lobe,Postcentral Gyrus,Brodmann area 2,0
-40,-25,40,Parietal Lobe,Postcentral Gyrus,Brodmann area 3,0
-40,-20,40,Frontal Lobe,Precentral Gyrus,Brodmann area 4,0
-40,-10,40,Frontal Lobe,Precentral Gyrus,Brodmann area 6,0
-40,-5,40,Frontal Lobe,Precentral Gyrus,Brodmann area 6,0
-40,0,40,Frontal Lobe,Middle Frontal Gyrus,Brodmann area 6,0
-40,5,40,Frontal Lobe,Precentral Gyrus,Brodmann area 9,0
-40,10,40,Frontal Lobe,Middle Frontal Gyrus,Brodmann area 9,4
-40,15,40,Frontal Lobe,Precentral Gyrus,Brodmann area 9,4
-40,25,40,Frontal Lobe,Precentral Gyrus,Brodmann area 9,0
-40,30,40,Frontal Lobe,Middle Frontal Gyrus,Brodmann area 9,0
-35,-80,40,Parietal Lobe,Precuneus,Brodmann area 19,0
-35,-75,40,Parietal Lobe,Precuneus,Brodmann area 19,0
-35,-70,40,Parietal Lobe,Precuneus,Brodmann area 19,0
-35,-65,40,Parietal Lobe,Inferior Parietal Lobule,Brodmann area 39,0
-35,-55,40,Parietal Lobe,Inferior Parietal Lobule,Brodmann area 40,0
-35,-50,40,Parietal Lobe,Inferior Parietal Lobule,Brodmann area 40,0
-35,-40,40,Parietal Lobe,Inferior Parietal Lobule,Brodmann area 40,0
-35,-35,40,Parietal Lobe,Inferior Parietal Lobule,Brodmann area 40,0
-35,-30,40,Parietal Lobe,Sub-Gyral,Brodmann area 2,0
-35,-25,40,Frontal Lobe,Postcentral Gyrus,Brodmann area 3,0
-35,-5,40,Frontal Lobe,Precentral Gyrus,Brodmann area 6,0
-35,0,40,Frontal Lobe,Middle Frontal Gyrus,Brodmann area 6,0
-35,5,40,Frontal Lobe,Precentral Gyrus,Brodmann area 9,0
-35,10,40,Frontal Lobe,Precentral Gyrus,Brodmann area 9,0
-35,20,40,Frontal Lobe,Precentral Gyrus,Brodmann area 9,4
-35,25,40,Frontal Lobe,Middle Frontal Gyrus,Brodmann area 9,0
-35,30,40,Frontal Lobe,Middle Frontal Gyrus,Brodmann area 9,0
-35,35,40,Frontal Lobe,Middle Frontal Gyrus,Brodmann area 9,0
-35,40,40,Frontal Lobe,Middle Frontal Gyrus,Brodmann area 9,0
-30,-85,40,Parietal Lobe,Precuneus,Brodmann area 19,0
-30,-80,40,Parietal Lobe,Precuneus,Brodmann area 19,0
-30,-75,40,Parietal Lobe,Precuneus,Brodmann area 19,0
-30,-65,40,Parietal Lobe,Precuneus,Brodmann area 19,0
-30,20,40,Frontal Lobe,Precentral Gyrus,Brodmann area 9,0
-30,25,40,Frontal Lobe,Middle Frontal Gyrus,Brodmann area 9,0
-30,30,40,Frontal Lobe,Middle Frontal Gyrus,Brodmann area 9,0
-30,35,40,Frontal Lobe,Middle Frontal Gyrus,Brodmann area 9,0
-25,-85,40,Parietal Lobe,Precuneus,Brodmann area 19,0
-25,-80,40,Parietal Lobe,Precuneus,Brodmann area 19,0
-25,-75,40,Parietal Lobe,Precuneus,Brodmann area 7,0
-25,40,40,Frontal Lobe,Middle Frontal Gyrus,Brodmann area 9,0
-25,45,40,Frontal Lobe,Middle Frontal Gyrus,Brodmann area 9,0
-20,-85,40,Parietal Lobe,Precuneus,Brodmann area 19,0
-20,-75,40,Parietal Lobe,Precuneus,Brodmann area 7,0
-20,-35,40,Limbic Lobe,Cingulate Gyrus,Brodmann area 31,0
-20,-30,40,Limbic Lobe,Cingulate Gyrus,Brodmann area 31,0
-20,-20,40,Limbic Lobe,Cingulate Gyrus,Brodmann area 24,0
-20,35,40,Frontal Lobe,Middle Frontal Gyrus,Brodmann area 9,0
-20,40,40,Frontal Lobe,Superior Frontal Gyrus,Brodmann area 9,0
-20,45,40,Frontal Lobe,Superior Frontal Gyrus,Brodmann area 9,0
-20,50,40,Frontal Lobe,Superior Frontal Gyrus,Brodmann area 9,0
-15,-85,40,Parietal Lobe,Precuneus,Brodmann area 19,0
-15,-75,40,Parietal Lobe,Precuneus,Brodmann area 7,0
-15,-50,40,Parietal Lobe,Precuneus,Brodmann area 7,0
-15,-45,40,Frontal Lobe,Precuneus,Brodmann area 31,0
-15,-35,40,Limbic Lobe,Cingulate Gyrus,Brodmann area 31,0
-15,-30,40,Limbic Lobe,Cingulate Gyrus,Brodmann area 31,0
-15,-25,40,Limbic Lobe,Cingulate Gyrus,Brodmann area 31,0
-15,-20,40,Limbic Lobe,Cingulate Gyrus,Brodmann area 24,0
-15,0,40,Limbic Lobe,Cingulate Gyrus,Brodmann area 24,0
-15,5,40,Limbic Lobe,Cingulate Gyrus,Brodmann area 32,0
-15,10,40,Limbic Lobe,Cingulate Gyrus,Brodmann area 32,0
-15,25,40,Frontal Lobe,Cingulate Gyrus,Brodmann area 6,0
-10,-85,40,Parietal Lobe,Precuneus,Brodmann area 19,0
-10,-80,40,Parietal Lobe,Precuneus,Brodmann area 7,0
-10,-75,40,Parietal Lobe,Precuneus,Brodmann area 7,0
-10,-70,40,Parietal Lobe,Precuneus,Brodmann area 7,0
-10,-65,40,Parietal Lobe,Precuneus,Brodmann area 7,0
-10,-60,40,Parietal Lobe,Precuneus,Brodmann area 7,0
-10,-55,40,Parietal Lobe,Precuneus,Brodmann area 7,0
-10,-50,40,Limbic Lobe,Cingulate Gyrus,Brodmann area 31,0
-10,-45,40,Limbic Lobe,Cingulate Gyrus,Brodmann area 31,0
-10,-30,40,Limbic Lobe,Cingulate Gyrus,Brodmann area 31,0
-10,-25,40,Limbic Lobe,Cingulate Gyrus,Brodmann area 31,0
-10,-20,40,Limbic Lobe,Cingulate Gyrus,Brodmann area 24,0
-10,-10,40,Limbic Lobe,Cingulate Gyrus,Brodmann area 24,0
-10,0,40,Limbic Lobe,Cingulate Gyrus,Brodmann area 24,0
-10,5,40,Limbic Lobe,Cingulate Gyrus,Brodmann area 24,0
-10,10,40,Frontal Lobe,Cingulate Gyrus,Brodmann area 32,0
-10,20,40,Frontal Lobe,Cingulate Gyrus,Brodmann area 32,0
-10,25,40,Frontal Lobe,Medial Frontal Gyrus,Brodmann area 6,0
-10,55,40,Frontal Lobe,Superior Frontal Gyrus,Brodmann area 9,0
-5,-85,40,Parietal Lobe,Precuneus,Brodmann area 19,0
-5,-80,40,Parietal Lobe,Precuneus,Brodmann area 7,0
-5,-75,40,Parietal Lobe,Precuneus,Brodmann area 7,0
-5,-70,40,Parietal Lobe,Precuneus,Brodmann area 7,0
-5,-65,40,Parietal Lobe,Precuneus,Brodmann area 7,0
-5,-60,40,Parietal Lobe,Precuneus,Brodmann area 7,0
-5,-55,40,Parietal Lobe,Precuneus,Brodmann area 7,0
-5,-50,40,Limbic Lobe,Cingulate Gyrus,Brodmann area 31,0
-5,-45,40,Limbic Lobe,Cingulate Gyrus,Brodmann area 31,0
-5,-40,40,Limbic Lobe,Cingulate Gyrus,Brodmann area 31,0
-5,-35,40,Limbic Lobe,Cingulate Gyrus,Brodmann area 31,0
-5,-30,40,Limbic Lobe,Cingulate Gyrus,Brodmann area 31,0
-5,-20,40,Limbic Lobe,Cingulate Gyrus,Brodmann area 24,0
-5,-15,40,Limbic Lobe,Cingulate Gyrus,Brodmann area 24,0
-5,-10,40,Limbic Lobe,Cingulate Gyrus,Brodmann area 24,1
-5,-5,40,Limbic Lobe,Cingulate Gyrus,Brodmann area 24,1
-5,0,40,Limbic Lobe,Cingulate Gyrus,Brodmann area 24,1
-5,5,40,Limbic Lobe,Cingulate Gyrus,Brodmann area 24,0
-5,10,40,Frontal Lobe,Cingulate Gyrus,Brodmann area 32,0
-5,15,40,Frontal Lobe,Cingulate Gyrus,Brodmann area 32,0
-5,20,40,Frontal Lobe,Cingulate Gyrus,Brodmann area 32,0
-5,25,40,Frontal Lobe,Cingulate Gyrus,Brodmann area 32,0
-5,30,40,Frontal Lobe,Medial Frontal Gyrus,Brodmann area 6,0
-5,35,40,Frontal Lobe,Medial Frontal Gyrus,Brodmann area 6,0
-5,40,40,Frontal Lobe,Medial Frontal Gyrus,Brodmann area 6,0
-5,45,40,Frontal Lobe,Medial Frontal Gyrus,Brodmann area 6,0
-5,50,40,Frontal Lobe,Medial Frontal Gyrus,Brodmann area 9,0
-5,55,40,Frontal Lobe,Medial Frontal Gyrus,Brodmann area 9,0
0,-75,40,Parietal Lobe,Precuneus,Brodmann area 7,0
0,-35,40,Limbic Lobe,Cingulate Gyrus,Brodmann area 31,0
0,-30,40,Limbic Lobe,Cingulate Gyrus,Brodmann area 31,0
0,-25,40,Limbic Lobe,Cingulate Gyrus,Brodmann area 24,0
0,-20,40,Limbic Lobe,Cingulate Gyrus,Brodmann area 24,0
0,-15,40,Limbic Lobe,Cingulate Gyrus,Brodmann area 24,0
0,-10,40,Limbic Lobe,Cingulate Gyrus,Brodmann area 24,1
0,-5,40,Limbic Lobe,Cingulate Gyrus,Brodmann area 24,1
0,0,40,Limbic Lobe,Cingulate Gyrus,Brodmann area 24,1
5,-85,40,Parietal Lobe,Precuneus,Brodmann area 19,0
5,-80,40,Parietal Lobe,Precuneus,Brodmann area 7,0
5,-75,40,Parietal Lobe,Precuneus,Brodmann area 7,0
5,-70,40,Parietal Lobe,Precuneus,Brodmann area 7,0
5,-65,40,Parietal Lobe,Precuneus,Brodmann area 7,0
5,-60,40,Parietal Lobe,Precuneus,Brodmann area 7,0
5,-55,40,Parietal Lobe,Precuneus,Brodmann area 7,0
5,-50,40,Limbic Lobe,Cingulate Gyrus,Brodmann area 31,0
5,-45,40,Limbic Lobe,Cingulate Gyrus,Brodmann area 31,0
5,-40,40,Limbic Lobe,Cingulate Gyrus,Brodmann area 31,0
5,-35,40,Limbic Lobe,Cingulate Gyrus,Brodmann area 31,0
5,-30,40,Limbic Lobe,Cingulate Gyrus,Brodmann area 31,0
5,-25,40,Limbic Lobe,Cingulate Gyrus,Brodmann area 24,0
5,-20,40,Limbic Lobe,Cingulate Gyrus,Brodmann area 24,0
5,-15,40,Limbic Lobe,Cingulate Gyrus,Brodmann area 24,0
5,-10,40,Limbic Lobe,Cingulate Gyrus,Brodmann area 24,1
5,-5,40,Limbic Lobe,Cingulate Gyrus,Brodmann area 24,1
5,0,40,Limbic Lobe,Cingulate Gyrus,Brodmann area 24,1
5,5,40,Limbic Lobe,Cingulate Gyrus,Brodmann area 24,0
5,10,40,Frontal Lobe,Cingulate Gyrus,Brodmann area 32,0
5,15,40,Frontal Lobe,Cingulate Gyrus,Brodmann area 32,0
5,20,40,Frontal Lobe,Cingulate Gyrus,Brodmann area 32,0
5,25,40,Frontal Lobe,Cingulate Gyrus,Brodmann area 32,0
5,30,40,Frontal Lobe,Medial Frontal Gyrus,Brodmann area 6,0
5,35,40,Frontal Lobe,Medial Frontal Gyrus,Brodmann area 6,0
5,40,40,Frontal Lobe,Medial Frontal Gyrus,Brodmann area 6,0
5,45,40,Frontal Lobe,Medial Frontal Gyrus,Brodmann area 6,0
5,50,40,Frontal Lobe,Medial Frontal Gyrus,Brodmann area 9,0
5,55,40,Frontal Lobe,Medial Frontal Gyrus,Brodmann area 9,0
10,-85,40,Parietal Lobe,Precuneus,Brodmann area 19,0
10,-80,40,Parietal Lobe,Precuneus,Brodmann area 7,0
10,-75,40,Parietal Lobe,Precuneus,Brodmann area 7,0
10,-70,40,Parietal Lobe,Precuneus,Brodmann area 7,0
10,-65,40,Parietal Lobe,Precuneus,Brodmann area 7,0
10,-60,40,Parietal Lobe,Precuneus,Brodmann area 7,0
10,-55,40,Parietal Lobe,Precuneus,Brodmann area 7,0
10,-50,40,Limbic Lobe,Cingulate Gyrus,Brodmann area 31,0
10,-45,40,Limbic Lobe,Cingulate Gyrus,Brodmann area 31,0
10,-30,40,Limbic Lobe,Cingulate Gyrus,Brodmann area 31,0
10,-20,40,Limbic Lobe,Cingulate Gyrus,Brodmann area 24,0
10,-15,40,Limbic Lobe,Cingulate Gyrus,Brodmann area 24,0
10,-10,40,Limbic Lobe,Cingulate Gyrus,Brodmann area 24,0
10,-5,40,Limbic Lobe,Cingulate Gyrus,Brodmann area 24,0
10,0,40,Limbic Lobe,Cingulate Gyrus,Brodmann area 24,0
10,5,40,Limbic Lobe,Cingulate Gyrus,Brodmann area 24,0
10,10,40,Frontal Lobe,Cingulate Gyrus,Brodmann area 32,0
10,20,40,Frontal Lobe,Cingulate Gyrus,Brodmann area 32,0
10,25,40,Frontal Lobe,Medial Frontal Gyrus,Brodmann area 6,0
10,50,40,Frontal Lobe,Medial Frontal Gyrus,Brodmann area 9,0
10,55,40,Frontal Lobe,Superior Frontal Gyrus,Brodmann area 9,0
15,-85,40,Parietal Lobe,Precuneus,Brodmann area 19,0
15,-50,40,Parietal Lobe,Precuneus,Brodmann area 7,0
15,-45,40,Limbic Lobe,Cingulate Gyrus,Brodmann area 31,0
15,-35,40,Limbic Lobe,Cingulate Gyrus,Brodmann area 31,0
15,-30,40,Limbic Lobe,Cingulate Gyrus,Brodmann area 31,0
15,-25,40,Limbic Lobe,Cingulate Gyrus,Brodmann area 31,0
15,-20,40,Limbic Lobe,Cingulate Gyrus,Brodmann area 24,0
15,-15,40,Limbic Lobe,Cingulate Gyrus,Brodmann area 24,0
15,-10,40,Limbic Lobe,Cingulate Gyrus,Brodmann area 24,0
15,0,40,Limbic Lobe,Cingulate Gyrus,Brodmann area 24,0
15,5,40,Limbic Lobe,Cingulate Gyrus,Brodmann area 24,0
15,10,40,Frontal Lobe,Cingulate Gyrus,Brodmann area 32,0
15,25,40,Frontal Lobe,Cingulate Gyrus,Brodmann area 6,0
15,55,40,Frontal Lobe,Superior Frontal Gyrus,Brodmann area 9,0
20,-85,40,Parietal Lobe,Precuneus,Brodmann area 19,0
20,-75,40,Parietal Lobe,Precuneus,Brodmann area 7,0
20,-35,40,Limbic Lobe,Cingulate Gyrus,Brodmann area 31,0
20,-30,40,Limbic Lobe,Cingulate Gyrus,Brodmann area 31,0
20,-25,40,Limbic Lobe,Cingulate Gyrus,Brodmann area 31,0
20,-20,40,Limbic Lobe,Cingulate Gyrus,Brodmann area 24,0
20,35,40,Frontal Lobe,Superior Frontal Gyrus,Brodmann area 9,0
20,40,40,Frontal Lobe,Superior Frontal Gyrus,Brodmann area 9,0
20,50,40,Frontal Lobe,Superior Frontal Gyrus,Brodmann area 9,0
25,-85,40,Parietal Lobe,Precuneus,Brodmann area 19,0
25,-80,40,Parietal Lobe,Precuneus,Brodmann area 7,0
25,-75,40,Parietal Lobe,Precuneus,Brodmann area 7,0
25,40,40,Frontal Lobe,Middle Frontal Gyrus,Brodmann area 9,0
25,45,40,Frontal Lobe,Superior Frontal Gyrus,Brodmann area 9,0
25,50,40,Frontal Lobe,Superior Frontal Gyrus,Brodmann area 9,0
30,-80,40,Parietal Lobe,Precuneus,Brodmann area 19,0
30,-75,40,Parietal Lobe,Precuneus,Brodmann area 19,0
30,30,40,Frontal Lobe,Middle Frontal Gyrus,Brodmann area 9,0
30,35,40,Frontal Lobe,Middle Frontal Gyrus,Brodmann area 9,0
30,40,40,Frontal Lobe,Middle Frontal Gyrus,Brodmann area 9,0
30,45,40,Frontal Lobe,Middle Frontal Gyrus,Brodmann area 9,0
35,-80,40,Parietal Lobe,Precuneus,Brodmann area 19,0
35,-70,40,Parietal Lobe,Precuneus,Brodmann area 19,0
35,-65,40,Parietal Lobe,Inferior Parietal Lobule,Brodmann area 39,0
35,-50,40,Parietal Lobe,Inferior Parietal Lobule,Brodmann area 40,0
35,-30,40,Parietal Lobe,Postcentral Gyrus,Brodmann area 2,0
35,-5,40,Frontal Lobe,Precentral Gyrus,Brodmann area 6,0
35,5,40,Frontal Lobe,Precentral Gyrus,Brodmann area 9,0
35,10,40,Frontal Lobe,Precentral Gyrus,Brodmann area 9,0
35,20,40,Frontal Lobe,Precentral Gyrus,Brodmann area 9,0
35,25,40,Frontal Lobe,Middle Frontal Gyrus,Brodmann area 9,0
35,30,40,Frontal Lobe,Middle Frontal Gyrus,Brodmann area 9,0
35,35,40,Frontal Lobe,Middle Frontal Gyrus,Brodmann area 9,0
35,40,40,Frontal Lobe,Middle Frontal Gyrus,Brodmann area 9,0
40,-75,40,Parietal Lobe,Precuneus,Brodmann area 19,0
40,-70,40,Parietal Lobe,Inferior Parietal Lobule,Brodmann area 39,0
40,-60,40,Parietal Lobe,Inferior Parietal Lobule,Brodmann area 40,0
40,-55,40,Parietal Lobe,Inferior Parietal Lobule,Brodmann area 40,0
40,-50,40,Parietal Lobe,Inferior Parietal Lobule,Brodmann area 40,0
40,-45,40,Parietal Lobe,Inferior Parietal Lobule,Brodmann area 40,0
40,-40,40,Parietal Lobe,Inferior Parietal Lobule,Brodmann area 40,0
40,-35,40,Parietal Lobe,Inferior Parietal Lobule,Brodmann area 40,0
40,-30,40,Parietal Lobe,Postcentral Gyrus,Brodmann area 2,0
40,-25,40,Parietal Lobe,Postcentral Gyrus,Brodmann area 3,0
40,-20,40,Frontal Lobe,Precentral Gyrus,Brodmann area 4,0
40,-10,40,Frontal Lobe,Precentral Gyrus,Brodmann area 6,0
40,-5,40,Frontal Lobe,Precentral Gyrus,Brodmann area 6,0
40,0,40,Frontal Lobe,Middle Frontal Gyrus,Brodmann area 6,0
40,5,40,Frontal Lobe,Precentral Gyrus,Brodmann area 9,0
40,10,40,Frontal Lobe,Middle Frontal Gyrus,Brodmann area 9,0
40,15,40,Frontal Lobe,Precentral Gyrus,Brodmann area 9,0
40,25,40,Frontal Lobe,Precentral Gyrus,Brodmann area 9,0
40,30,40,Frontal Lobe,Middle Frontal Gyrus,Brodmann area 9,0
40,35,40,Frontal Lobe,Middle Frontal Gyrus,Brodmann area 9,0
45,-70,40,Parietal Lobe,Inferior Parietal Lobule,Brodmann area 39,0
45,-55,40,Parietal Lobe,Inferior Parietal Lobule,Brodmann area 40,0
45,-50,40,Parietal Lobe,Inferior Parietal Lobule,Brodmann area 40,0
45,-45,40,Parietal Lobe,Inferior Parietal Lobule,Brodmann area 40,0
45,-35,40,Parietal Lobe,Inferior Parietal Lobule,Brodmann area 40,0
45,-30,40,Parietal Lobe,Postcentral Gyrus,Brodmann area 2,0
45,-25,40,Parietal Lobe,Postcentral Gyrus,Brodmann area 3,0
45,-20,40,Frontal Lobe,Precentral Gyrus,Brodmann area 4,0
45,-10,40,Frontal Lobe,Precentral Gyrus,Brodmann area 6,0
45,-5,40,Frontal Lobe,Precentral Gyrus,Brodmann area 6,0
45,0,40,Frontal Lobe,Middle Frontal Gyrus,Brodmann area 6,0
45,5,40,Frontal Lobe,Middle Frontal Gyrus,Brodmann area 9,0
45,10,40,Frontal Lobe,Middle Frontal Gyrus,Brodmann area 9,0
45,15,40,Frontal Lobe,Middle Frontal Gyrus,Brodmann area 9,0
45,20,40,Frontal Lobe,Precentral Gyrus,Brodmann area 9,0
45,25,40,Frontal Lobe,Middle Frontal Gyrus,Brodmann area 9,0
45,30,40,Frontal Lobe,Middle Frontal Gyrus,Brodmann area 9,0
50,-65,40,Parietal Lobe,Inferior Parietal Lobule,Brodmann area 39,0
50,-60,40,Parietal Lobe,Inferior Parietal Lobule,Brodmann area 40,0
50,-55,40,Parietal Lobe,Inferior Parietal Lobule,Brodmann area 40,0
50,-35,40,Parietal Lobe,Inferior Parietal Lobule,Brodmann area 40,0
50,-30,40,Parietal Lobe,Postcentral Gyrus,Brodmann area 2,0
50,-20,40,Parietal Lobe,Postcentral Gyrus,Brodmann area 3,0
50,-15,40,Frontal Lobe,Precentral Gyrus,Brodmann area 4,0
50,-10,40,Frontal Lobe,Precentral Gyrus,Brodmann area 6,0
50,-5,40,Frontal Lobe,Precentral Gyrus,Brodmann area 6,0
50,0,40,Frontal Lobe,Precentral Gyrus,Brodmann area 6,0
50,5,40,Frontal Lobe,Middle Frontal Gyrus,Brodmann area 9,0
50,15,40,Frontal Lobe,Middle Frontal Gyrus,Brodmann area 9,0
50,20,40,Frontal Lobe,Middle Frontal Gyrus,Brodmann area 9,0
50,25,40,Frontal Lobe,Middle Frontal Gyrus,Brodmann area 9,0
55,-60,40,Parietal Lobe,Inferior Parietal Lobule,Brodmann area 40,0
55,-55,40,Parietal Lobe,Inferior Parietal Lobule,Brodmann area 40,0
55,-45,40,Parietal Lobe,Inferior Parietal Lobule,Brodmann area 40,0
55,-40,40,Parietal Lobe,Inferior Parietal Lobule,Brodmann area 40,0
55,-35,40,Parietal Lobe,Inferior Parietal Lobule,Brodmann area 40,0
55,-30,40,Parietal Lobe,Postcentral Gyrus,Brodmann area 2,0
55,-25,40,Parietal Lobe,Postcentral Gyrus,Brodmann area 3,0
55,-20,40,Parietal Lobe,Postcentral Gyrus,Brodmann area 3,0
55,-15,40,Frontal Lobe,Precentral Gyrus,Brodmann area 4,0
55,-5,40,Frontal Lobe,Precentral Gyrus,Brodmann area 6,0
55,0,40,Frontal Lobe,Precentral Gyrus,Brodmann area 6,0
55,5,40,Frontal Lobe,Middle Frontal Gyrus,Brodmann area 9,0
55,10,40,Frontal Lobe,Middle Frontal Gyrus,Brodmann area 9,0
60,-50,40,Parietal Lobe,Inferior Parietal Lobule,Brodmann area 40,0
60,-45,40,Parietal Lobe,Inferior Parietal Lobule,Brodmann area 40,0
60,-40,40,Parietal Lobe,Inferior Parietal Lobule,Brodmann area 40,0
60,-35,40,Parietal Lobe,Inferior Parietal Lobule,Brodmann area 40,0
60,-30,40,Parietal Lobe,Postcentral Gyrus,Brodmann area 2,0
60,-25,40,Parietal Lobe,Postcentral Gyrus,Brodmann area 3,0
60,-20,40,Frontal Lobe,Precentral Gyrus,Brodmann area 4,0
60,-15,40,Frontal Lobe,Precentral Gyrus,Brodmann area 4,0
60,-10,40,Frontal Lobe,Precentral Gyrus,Brodmann area 6,0
60,-5,40,Frontal Lobe,Precentral Gyrus,Brodmann area 6,0
60,0,40,Frontal Lobe,Precentral Gyrus,Brodmann area 6,0
65,-35,40,Parietal Lobe,Inferior Parietal Lobule,Brodmann area 40,0
65,-30,40,Parietal Lobe,Inferior Parietal Lobule,Brodmann area 40,0
65,-25,40,Parietal Lobe,Postcentral Gyrus,Brodmann area 1,0
65,-20,40,Parietal Lobe,Postcentral Gyrus,Brodmann area 3,0
-60,-40,45,Parietal Lobe,Inferior Parietal Lobule,Brodmann area 40,0
-60,-35,45,Parietal Lobe,Inferior Parietal Lobule,Brodmann area 40,0
-60,-30,45,Parietal Lobe,Postcentral Gyrus,Brodmann area 2,0
-60,-25,45,Parietal Lobe,Postcentral Gyrus,Brodmann area 3,0
-60,-20,45,Frontal Lobe,Precentral Gyrus,Brodmann area 4,0
-55,-55,45,Parietal Lobe,Inferior Parietal Lobule,Brodmann area 40,0
-55,-50,45,Parietal Lobe,Inferior Parietal Lobule,Brodmann area 40,0
-55,-45,45,Parietal Lobe,Inferior Parietal Lobule,Brodmann area 40,0
-55,-40,45,Parietal Lobe,Inferior Parietal Lobule,Brodmann area 40,0
-55,-35,45,Parietal Lobe,Inferior Parietal Lobule,Brodmann area 40,0
-55,-30,45,Parietal Lobe,Postcentral Gyrus,Brodmann area 2,0
-55,-25,45,Parietal Lobe,Postcentral Gyrus,Brodmann area 2,0
-55,-20,45,Parietal Lobe,Postcentral Gyrus,Brodmann area 3,0
-55,-15,45,Parietal Lobe,Postcentral Gyrus,Brodmann area 3,0
-55,-10,45,Frontal Lobe,Precentral Gyrus,Brodmann area 4,0
-55,-5,45,Frontal Lobe,Precentral Gyrus,Brodmann area 6,0
-55,0,45,Frontal Lobe,Middle Frontal Gyrus,Brodmann area 6,0
-50,-60,45,Parietal Lobe,Inferior Parietal Lobule,Brodmann area 40,0
-50,-55,45,Parietal Lobe,Inferior Parietal Lobule,Brodmann area 40,0
-50,-50,45,Parietal Lobe,Inferior Parietal Lobule,Brodmann area 40,0
-50,-40,45,Parietal Lobe,Inferior Parietal Lobule,Brodmann area 40,0
-50,-35,45,Parietal Lobe,Inferior Parietal Lobule,Brodmann area 40,0
-50,-30,45,Parietal Lobe,Inferior Parietal Lobule,Brodmann area 40,0
-50,-25,45,Parietal Lobe,Postcentral Gyrus,Brodmann area 2,0
-50,-20,45,Parietal Lobe,Postcentral Gyrus,Brodmann area 3,0
-50,-15,45,Frontal Lobe,Precentral Gyrus,Brodmann area 4,0
-50,-10,45,Frontal Lobe,Precentral Gyrus,Brodmann area 4,0
-50,-5,45,Frontal Lobe,Precentral Gyrus,Brodmann area 6,0
-50,0,45,Frontal Lobe,Middle Frontal Gyrus,Brodmann area 6,0
-50,5,45,Frontal Lobe,Middle Frontal Gyrus,Brodmann area 8,0
-50,10,45,Frontal Lobe,Middle Frontal Gyrus,Brodmann area 8,0
-45,-65,45,Parietal Lobe,Inferior Parietal Lobule,Brodmann area 40,0
-45,-50,45,Parietal Lobe,Inferior Parietal Lobule,Brodmann area 40,0
-45,-45,45,Parietal Lobe,Inferior Parietal Lobule,Brodmann area 40,0
-45,-40,45,Parietal Lobe,Inferior Parietal Lobule,Brodmann area 40,0
-45,-35,45,Parietal Lobe,Inferior Parietal Lobule,Brodmann area 40,0
-45,-30,45,Parietal Lobe,Postcentral Gyrus,Brodmann area 2,0
-45,-25,45,Parietal Lobe,Postcentral Gyrus,Brodmann area 2,0
-45,-20,45,Frontal Lobe,Precentral Gyrus,Brodmann area 4,0
-45,-15,45,Frontal Lobe,Precentral Gyrus,Brodmann area 4,0
-45,-10,45,Frontal Lobe,Precentral Gyrus,Brodmann area 4,0
-45,-5,45,Frontal Lobe,Precentral Gyrus,Brodmann area 6,0
-45,0,45,Frontal Lobe,Middle Frontal Gyrus,Brodmann area 6,0
-45,10,45,Frontal Lobe,Middle Frontal Gyrus,Brodmann area 8,0
-40,-70,45,Parietal Lobe,Inferior Parietal Lobule,Brodmann area 7,0
-40,-65,45,Parietal Lobe,Inferior Parietal Lobule,Brodmann area 40,0
-40,-60,45,Parietal Lobe,Inferior Parietal Lobule,Brodmann area 40,0
-40,-55,45,Parietal Lobe,Inferior Parietal Lobule,Brodmann area 40,0
-40,-50,45,Parietal Lobe,Inferior Parietal Lobule,Brodmann area 40,0
-40,-45,45,Parietal Lobe,Inferior Parietal Lobule,Brodmann area 40,0
-40,-40,45,Parietal Lobe,Inferior Parietal Lobule,Brodmann area 40,0
-40,-35,45,Parietal Lobe,Inferior Parietal Lobule,Brodmann area 40,0
-40,-30,45,Parietal Lobe,Postcentral Gyrus,Brodmann area 40,0
-40,-25,45,Parietal Lobe,Postcentral Gyrus,Brodmann area 3,0
-40,-20,45,Frontal Lobe,Precentral Gyrus,Brodmann area 4,0
-40,-10,45,Frontal Lobe,Precentral Gyrus,Brodmann area 6,0
-40,-5,45,Frontal Lobe,Precentral Gyrus,Brodmann area 6,0
-40,0,45,Frontal Lobe,Middle Frontal Gyrus,Brodmann area 6,0
-40,25,45,Frontal Lobe,Middle Frontal Gyrus,Brodmann area 8,0
-35,-75,45,Parietal Lobe,Superior Parietal Lobule,Brodmann area 7,0
-35,-70,45,Parietal Lobe,Superior Parietal Lobule,Brodmann area 7,0
-35,-65,45,Parietal Lobe,Superior Parietal Lobule,Brodmann area 7,0
-35,-60,45,Parietal Lobe,Inferior Parietal Lobule,Brodmann area 40,0
-35,-55,45,Parietal Lobe,Inferior Parietal Lobule,Brodmann area 40,0
-35,-50,45,Parietal Lobe,Inferior Parietal Lobule,Brodmann area 40,0
-35,-40,45,Parietal Lobe,Inferior Parietal Lobule,Brodmann area 40,0
-35,-35,45,Parietal Lobe,Inferior Parietal Lobule,Brodmann area 40,0
-35,-30,45,Parietal Lobe,Postcentral Gyrus,Brodmann area 2,0
-35,-25,45,Parietal Lobe,Postcentral Gyrus,Brodmann area 3,0
-35,-20,45,Frontal Lobe,Precentral Gyrus,Brodmann area 4,0
-35,-15,45,Frontal Lobe,Precentral Gyrus,Brodmann area 6,0
-35,-10,45,Frontal Lobe,Middle Frontal Gyrus,Brodmann area 6,0
-35,-5,45,Frontal Lobe,Sub-Gyral,Brodmann area 6,0
-35,0,45,Frontal Lobe,Middle Frontal Gyrus,Brodmann area 6,0
-35,25,45,Frontal Lobe,Middle Frontal Gyrus,Brodmann area 8,0
-35,30,45,Frontal Lobe,Middle Frontal Gyrus,Brodmann area 8,0
-30,-80,45,Parietal Lobe,Superior Parietal Lobule,Brodmann area 7,0
-30,-75,45,Parietal Lobe,Superior Parietal Lobule,Brodmann area 7,0
-30,-65,45,Parietal Lobe,Superior Parietal Lobule,Brodmann area 7,0
-30,-25,45,Parietal Lobe,Postcentral Gyrus,Brodmann area 3,0
-30,-20,45,Frontal Lobe,Precentral Gyrus,Brodmann area 4,0
-30,-10,45,Frontal Lobe,Middle Frontal Gyrus,Brodmann area 6,0
-30,-5,45,Frontal Lobe,Middle Frontal Gyrus,Brodmann area 6,0
-30,10,45,Frontal Lobe,Middle Frontal Gyrus,Brodmann area 8,0
-30,15,45,Frontal Lobe,Middle Frontal Gyrus,Brodmann area 8,0
-30,20,45,Frontal Lobe,Middle Frontal Gyrus,Brodmann area 8,0
-30,25,45,Frontal Lobe,Middle Frontal Gyrus,Brodmann area 8,0
-30,35,45,Frontal Lobe,Middle Frontal Gyrus,Brodmann area 8,0
-25,-80,45,Parietal Lobe,Superior Parietal Lobule,Brodmann area 7,0
-25,-75,45,Parietal Lobe,Superior Parietal Lobule,Brodmann area 7,0
-25,-70,45,Parietal Lobe,Superior Parietal Lobule,Brodmann area 7,0
-25,-65,45,Parietal Lobe,Superior Parietal Lobule,Brodmann area 7,0
-25,-60,45,Parietal Lobe,Superior Parietal Lobule,Brodmann area 7,0
-25,-55,45,Parietal Lobe,Superior Parietal Lobule,Brodmann area 7,0
-25,-50,45,Parietal Lobe,Precuneus,Brodmann area 7,0
-25,-10,45,Frontal Lobe,Middle Frontal Gyrus,Brodmann area 6,0
-25,-5,45,Frontal Lobe,Middle Frontal Gyrus,Brodmann area 6,0
-25,20,45,Frontal Lobe,Middle Frontal Gyrus,Brodmann area 8,0
-25,25,45,Frontal Lobe,Middle Frontal Gyrus,Brodmann area 8,0
-25,30,45,Frontal Lobe,Middle Frontal Gyrus,Brodmann area 8,0
-25,35,45,Frontal Lobe,Middle Frontal Gyrus,Brodmann area 8,0
-25,40,45,Frontal Lobe,Superior Frontal Gyrus,Brodmann area 8,0
-20,-80,45,Parietal Lobe,Precuneus,Brodmann area 7,0
-20,-75,45,Parietal Lobe,Precuneus,Brodmann area 7,0
-20,-70,45,Parietal Lobe,Precuneus,Brodmann area 7,0
-20,-65,45,Parietal Lobe,Precuneus,Brodmann area 7,0
-20,-60,45,Parietal Lobe,Precuneus,Brodmann area 7,0
-20,-55,45,Parietal Lobe,Precuneus,Brodmann area 7,0
-20,-35,45,Limbic Lobe,Cingulate Gyrus,Brodmann area 31,0
-20,-30,45,Limbic Lobe,Cingulate Gyrus,Brodmann area 31,0
-20,-20,45,Limbic Lobe,Cingulate Gyrus,Brodmann area 24,0
-20,20,45,Frontal Lobe,Middle Frontal Gyrus,Brodmann area 8,0
-20,25,45,Frontal Lobe,Middle Frontal Gyrus,Brodmann area 8,0
-20,30,45,Frontal Lobe,Middle Frontal Gyrus,Brodmann area 8,0
-20,35,45,Frontal Lobe,Middle Frontal Gyrus,Brodmann area 8,0
-20,40,45,Frontal Lobe,Superior Frontal Gyrus,Brodmann area 8,0
-20,45,45,Frontal Lobe,Superior Frontal Gyrus,Brodmann area 8,0
-15,-80,45,Parietal Lobe,Precuneus,Brodmann area 7,0
-15,-60,45,Parietal Lobe,Precuneus,Brodmann area 7,0
-15,-55,45,Parietal Lobe,Precuneus,Brodmann area 7,0
-15,-50,45,Parietal Lobe,Precuneus,Brodmann area 7,0
-15,-35,45,Limbic Lobe,Cingulate Gyrus,Brodmann area 31,0
-15,-30,45,Limbic Lobe,Cingulate Gyrus,Brodmann area 31,0
-15,-25,45,Limbic Lobe,Cingulate Gyrus,Brodmann area 31,0
-15,-20,45,Limbic Lobe,Cingulate Gyrus,Brodmann area 24,0
-15,-5,45,Limbic Lobe,Cingulate Gyrus,Brodmann area 24,0
-15,0,45,Limbic Lobe,Cingulate Gyrus,Brodmann area 24,0
-15,5,45,Limbic Lobe,Cingulate Gyrus,Brodmann area 32,0
-15,25,45,Frontal Lobe,Sub-Gyral,Brodmann area 8,0
-15,30,45,Frontal Lobe,Medial Frontal Gyrus,Brodmann area 8,0
-15,45,45,Frontal Lobe,Superior Frontal Gyrus,Brodmann area 8,0
-15,50,45,Frontal Lobe,Superior Frontal Gyrus,Brodmann area 8,0
-10,-80,45,Parietal Lobe,Precuneus,Brodmann area 7,0
-10,-65,45,Parietal Lobe,Precuneus,Brodmann area 7,0
-10,-60,45,Parietal Lobe,Precuneus,Brodmann area 7,0
-10,-55,45,Parietal Lobe,Precuneus,Brodmann area 7,0
-10,-50,45,Parietal Lobe,Precuneus,Brodmann area 7,0
-10,-30,45,Limbic Lobe,Cingulate Gyrus,Brodmann area 31,0
-10,-25,45,Limbic Lobe,Cingulate Gyrus,Brodmann area 31,0
-10,-20,45,Limbic Lobe,Cingulate Gyrus,Brodmann area 24,0
-10,-15,45,Limbic Lobe,Cingulate Gyrus,Brodmann area 24,0
-10,-10,45,Limbic Lobe,Cingulate Gyrus,Brodmann area 24,0
-10,-5,45,Limbic Lobe,Cingulate Gyrus,Brodmann area 24,0
-10,0,45,Limbic Lobe,Cingulate Gyrus,Brodmann area 24,0
-10,5,45,Limbic Lobe,Cingulate Gyrus,Brodmann area 32,0
-10,15,45,Limbic Lobe,Cingulate Gyrus,Brodmann area 32,0
-10,20,45,Limbic Lobe,Cingulate Gyrus,Brodmann area 32,0
-10,25,45,Frontal Lobe,Medial Frontal Gyrus,Brodmann area 8,0
-10,30,45,Frontal Lobe,Medial Frontal Gyrus,Brodmann area 8,0
-10,50,45,Frontal Lobe,Superior Frontal Gyrus,Brodmann area 8,0
-5,-80,45,Parietal Lobe,Precuneus,Brodmann area 7,0
-5,-65,45,Parietal Lobe,Precuneus,Brodmann area 7,0
-5,-60,45,Parietal Lobe,Precuneus,Brodmann area 7,0
-5,-55,45,Parietal Lobe,Precuneus,Brodmann area 7,0
-5,-40,45,Limbic Lobe,Cingulate Gyrus,Brodmann area 31,0
-5,-35,45,Parietal Lobe,Precuneus,Brodmann area 7,0
-5,-30,45,Limbic Lobe,Cingulate Gyrus,Brodmann area 31,0
-5,-25,45,Frontal Lobe,Paracentral Lobule,Brodmann area 31,0
-5,-20,45,Limbic Lobe,Cingulate Gyrus,Brodmann area 24,0
-5,-15,45,Limbic Lobe,Cingulate Gyrus,Brodmann area 24,0
-5,-10,45,Limbic Lobe,Cingulate Gyrus,Brodmann area 24,1
-5,-5,45,Limbic Lobe,Cingulate Gyrus,Brodmann area 24,1
-5,0,45,Limbic Lobe,Cingulate Gyrus,Brodmann area 24,1
-5,5,45,Limbic Lobe,Cingulate Gyrus,Brodmann area 32,0
-5,10,45,Limbic Lobe,Cingulate Gyrus,Brodmann area 32,0
-5,15,45,Limbic Lobe,Cingulate Gyrus,Brodmann area 32,0
-5,20,45,Limbic Lobe,Cingulate Gyrus,Brodmann area 32,0
-5,25,45,Frontal Lobe,Medial Frontal Gyrus,Brodmann area 8,0
-5,30,45,Frontal Lobe,Medial Frontal Gyrus,Brodmann area 8,0
-5,35,45,Frontal Lobe,Medial Frontal Gyrus,Brodmann area 8,0
-5,40,45,Frontal Lobe,Medial Frontal Gyrus,Brodmann area 8,0
-5,45,45,Frontal Lobe,Medial Frontal Gyrus,Brodmann area 8,0
-5,50,45,Frontal Lobe,Medial Frontal Gyrus,Brodmann area 8,0
0,-80,45,Parietal Lobe,Precuneus,Brodmann area 7,0
0,-75,45,Parietal Lobe,Precuneus,Brodmann area 7,0
0,-70,45,Parietal Lobe,Precuneus,Brodmann area 7,0
0,-65,45,Parietal Lobe,Precuneus,Brodmann area 7,0
0,-60,45,Parietal Lobe,Precuneus,Brodmann area 7,0
0,-55,45,Parietal Lobe,Precuneus,Brodmann area 7,0
0,-50,45,Parietal Lobe,Precuneus,Brodmann area 7,0
0,-45,45,Parietal Lobe,Precuneus,Brodmann area 7,0
0,-40,45,Parietal Lobe,Precuneus,Brodmann area 7,0
0,-35,45,Frontal Lobe,Paracentral Lobule,Brodmann area 31,0
0,-30,45,Frontal Lobe,Paracentral Lobule,Brodmann area 31,0
0,-25,45,Frontal Lobe,Paracentral Lobule,Brodmann area 31,0
0,-20,45,Frontal Lobe,Paracentral Lobule,Brodmann area 31,0
0,-15,45,Frontal Lobe,Paracentral Lobule,Brodmann area 31,0
0,-5,45,Limbic Lobe,Cingulate Gyrus,Brodmann area 24,1
0,30,45,Frontal Lobe,Medial Frontal Gyrus,Brodmann area 8,0
0,40,45,Frontal Lobe,Medial Frontal Gyrus,Brodmann area 8,0
5,-80,45,Parietal Lobe,Precuneus,Brodmann area 7,0
5,-75,45,Parietal Lobe,Precuneus,Brodmann area 7,0
5,-70,45,Parietal Lobe,Precuneus,Brodmann area 7,0
5,-65,45,Parietal Lobe,Precuneus,Brodmann area 7,0
5,-60,45,Parietal Lobe,Precuneus,Brodmann area 7,0
5,-55,45,Parietal Lobe,Precuneus,Brodmann area 7,0
5,-50,45,Parietal Lobe,Precuneus,Brodmann area 7,0
5,-45,45,Parietal Lobe,Precuneus,Brodmann area 7,0
5,-40,45,Parietal Lobe,Precuneus,Brodmann area 7,0
5,-35,45,Parietal Lobe,Precuneus,Brodmann area 7,0
5,-30,45,Frontal Lobe,Paracentral Lobule,Brodmann area 31,0
5,-25,45,Frontal Lobe,Paracentral Lobule,Brodmann area 31,0
5,-20,45,Limbic Lobe,Cingulate Gyrus,Brodmann area 24,0
5,-15,45,Limbic Lobe,Cingulate Gyrus,Brodmann area 24,0
5,-10,45,Limbic Lobe,Cingulate Gyrus,Brodmann area 24,1
5,-5,45,Limbic Lobe,Cingulate Gyrus,Brodmann area 24,1
5,0,45,Limbic Lobe,Cingulate Gyrus,Brodmann area 24,1
5,5,45,Limbic Lobe,Cingulate Gyrus,Brodmann area 32,0
5,10,45,Limbic Lobe,Cingulate Gyrus,Brodmann area 32,0
5,15,45,Limbic Lobe,Cingulate Gyrus,Brodmann area 32,0
5,20,45,Limbic Lobe,Cingulate Gyrus,Brodmann area 32,0
5,25,45,Frontal Lobe,Medial Frontal Gyrus,Brodmann area 8,0
5,30,45,Frontal Lobe,Medial Frontal Gyrus,Brodmann area 8,0
5,35,45,Frontal Lobe,Medial Frontal Gyrus,Brodmann area 8,0
5,40,45,Frontal Lobe,Medial Frontal Gyrus,Brodmann area 8,0
5,45,45,Frontal Lobe,Medial Frontal Gyrus,Brodmann area 8,0
5,50,45,Frontal Lobe,Medial Frontal Gyrus,Brodmann area 8,0
10,-80,45,Parietal Lobe,Precuneus,Brodmann area 7,0
10,-65,45,Parietal Lobe,Precuneus,Brodmann area 7,0
10,-60,45,Parietal Lobe,Precuneus,Brodmann area 7,0
10,-55,45,Parietal Lobe,Precuneus,Brodmann area 7,0
10,-30,45,Limbic Lobe,Cingulate Gyrus,Brodmann area 31,0
10,-20,45,Limbic Lobe,Cingulate Gyrus,Brodmann area 24,0
10,-15,45,Limbic Lobe,Cingulate Gyrus,Brodmann area 24,0
10,-10,45,Limbic Lobe,Cingulate Gyrus,Brodmann area 24,0
10,-5,45,Limbic Lobe,Cingulate Gyrus,Brodmann area 24,1
10,0,45,Limbic Lobe,Cingulate Gyrus,Brodmann area 24,0
10,5,45,Limbic Lobe,Cingulate Gyrus,Brodmann area 32,0
10,15,45,Limbic Lobe,Cingulate Gyrus,Brodmann area 32,0
10,20,45,Limbic Lobe,Cingulate Gyrus,Brodmann area 32,0
10,25,45,Frontal Lobe,Medial Frontal Gyrus,Brodmann area 8,0
10,30,45,Frontal Lobe,Medial Frontal Gyrus,Brodmann area 8,0
10,35,45,Frontal Lobe,Medial Frontal Gyrus,Brodmann area 8,0
10,45,45,Frontal Lobe,Superior Frontal Gyrus,Brodmann area 8,0
10,50,45,Frontal Lobe,Superior Frontal Gyrus,Brodmann area 8,0
15,-80,45,Parietal Lobe,Precuneus,Brodmann area 7,0
15,-60,45,Parietal Lobe,Precuneus,Brodmann area 7,0
15,-55,45,Parietal Lobe,Precuneus,Brodmann area 7,0
15,-50,45,Parietal Lobe,Precuneus,Brodmann area 7,0
15,-35,45,Limbic Lobe,Cingulate Gyrus,Brodmann area 31,0
15,-30,45,Limbic Lobe,Cingulate Gyrus,Brodmann area 31,0
15,-25,45,Limbic Lobe,Cingulate Gyrus,Brodmann area 31,0
15,-20,45,Limbic Lobe,Cingulate Gyrus,Brodmann area 24,0
15,-10,45,Limbic Lobe,Cingulate Gyrus,Brodmann area 24,0
15,-5,45,Limbic Lobe,Cingulate Gyrus,Brodmann area 24,0
15,0,45,Limbic Lobe,Cingulate Gyrus,Brodmann area 24,0
15,5,45,Limbic Lobe,Cingulate Gyrus,Brodmann area 32,0
15,25,45,Frontal Lobe,Medial Frontal Gyrus,Brodmann area 8,0
15,30,45,Frontal Lobe,Medial Frontal Gyrus,Brodmann area 8,0
15,45,45,Frontal Lobe,Superior Frontal Gyrus,Brodmann area 8,0
15,50,45,Frontal Lobe,Superior Frontal Gyrus,Brodmann area 8,0
20,-80,45,Parietal Lobe,Precuneus,Brodmann area 7,0
20,-75,45,Parietal Lobe,Precuneus,Brodmann area 7,0
20,-70,45,Parietal Lobe,Precuneus,Brodmann area 7,0
20,-65,45,Parietal Lobe,Precuneus,Brodmann area 7,0
20,-60,45,Parietal Lobe,Precuneus,Brodmann area 7,0
20,-55,45,Parietal Lobe,Precuneus,Brodmann area 7,0
20,-35,45,Limbic Lobe,Cingulate Gyrus,Brodmann area 31,0
20,-30,45,Limbic Lobe,Cingulate Gyrus,Brodmann area 31,0
20,-25,45,Limbic Lobe,Cingulate Gyrus,Brodmann area 31,0
20,-20,45,Limbic Lobe,Cingulate Gyrus,Brodmann area 24,0
20,20,45,Frontal Lobe,Middle Frontal Gyrus,Brodmann area 8,0
20,25,45,Frontal Lobe,Sub-Gyral,Brodmann area 8,0
20,30,45,Frontal Lobe,Middle Frontal Gyrus,Brodmann area 8,0
20,35,45,Frontal Lobe,Superior Frontal Gyrus,Brodmann area 8,0
20,40,45,Frontal Lobe,Superior Frontal Gyrus,Brodmann area 8,0
20,45,45,Frontal Lobe,Superior Frontal Gyrus,Brodmann area 8,0
25,-80,45,Parietal Lobe,Precuneus,Brodmann area 7,0
25,-75,45,Parietal Lobe,Superior Parietal Lobule,Brodmann area 7,0
25,-70,45,Parietal Lobe,Superior Parietal Lobule,Brodmann area 7,0
25,-65,45,Parietal Lobe,Superior Parietal Lobule,Brodmann area 7,0
25,-60,45,Parietal Lobe,Precuneus,Brodmann area 7,0
25,-55,45,Parietal Lobe,Superior Parietal Lobule,Brodmann area 7,0
25,-10,45,Frontal Lobe,Middle Frontal Gyrus,Brodmann area 6,0
25,-5,45,Frontal Lobe,Middle Frontal Gyrus,Brodmann area 6,0
25,20,45,Frontal Lobe,Middle Frontal Gyrus,Brodmann area 8,0
25,25,45,Frontal Lobe,Middle Frontal Gyrus,Brodmann area 8,0
25,30,45,Frontal Lobe,Middle Frontal Gyrus,Brodmann area 8,0
25,35,45,Frontal Lobe,Middle Frontal Gyrus,Brodmann area 8,0
25,40,45,Frontal Lobe,Superior Frontal Gyrus,Brodmann area 8,0
30,-80,45,Parietal Lobe,Superior Parietal Lobule,Brodmann area 7,0
30,-75,45,Parietal Lobe,Superior Parietal Lobule,Brodmann area 7,0
30,-60,45,Parietal Lobe,Superior Parietal Lobule,Brodmann area 7,0
30,-25,45,Parietal Lobe,Postcentral Gyrus,Brodmann area 3,0
30,-20,45,Frontal Lobe,Precentral Gyrus,Brodmann area 4,0
30,-15,45,Frontal Lobe,Middle Frontal Gyrus,Brodmann area 6,0
30,-10,45,Frontal Lobe,Middle Frontal Gyrus,Brodmann area 6,0
30,-5,45,Frontal Lobe,Middle Frontal Gyrus,Brodmann area 6,0
30,10,45,Frontal Lobe,Middle Frontal Gyrus,Brodmann area 8,0
30,15,45,Frontal Lobe,Middle Frontal Gyrus,Brodmann area 8,0
30,20,45,Frontal Lobe,Middle Frontal Gyrus,Brodmann area 8,0
30,25,45,Frontal Lobe,Middle Frontal Gyrus,Brodmann area 8,0
30,35,45,Frontal Lobe,Middle Frontal Gyrus,Brodmann area 8,0
30,40,45,Frontal Lobe,Superior Frontal Gyrus,Brodmann area 8,0
35,-75,45,Parietal Lobe,Superior Parietal Lobule,Brodmann area 7,0
35,-70,45,Parietal Lobe,Superior Parietal Lobule,Brodmann area 7,0
35,-65,45,Parietal Lobe,Superior Parietal Lobule,Brodmann area 7,0
35,-60,45,Parietal Lobe,Inferior Parietal Lobule,Brodmann area 7,0
35,-55,45,Parietal Lobe,Inferior Parietal Lobule,Brodmann area 40,0
35,-50,45,Parietal Lobe,Inferior Parietal Lobule,Brodmann area 40,0
35,-30,45,Parietal Lobe,Postcentral Gyrus,Brodmann area 2,0
35,-25,45,Parietal Lobe,Postcentral Gyrus,Brodmann area 3,0
35,-20,45,Frontal Lobe,Precentral Gyrus,Brodmann area 4,0
35,-15,45,Frontal Lobe,Precentral Gyrus,Brodmann area 6,0
35,-10,45,Frontal Lobe,Middle Frontal Gyrus,Brodmann area 6,0
35,-5,45,Frontal Lobe,Precentral Gyrus,Brodmann area 6,0
35,25,45,Frontal Lobe,Middle Frontal Gyrus,Brodmann area 8,0
35,30,45,Frontal Lobe,Middle Frontal Gyrus,Brodmann area 8,0
35,35,45,Frontal Lobe,Middle Frontal Gyrus,Brodmann area 8,0
40,-75,45,Parietal Lobe,Superior Parietal Lobule,Brodmann area 7,0
40,-70,45,Parietal Lobe,Inferior Parietal Lobule,Brodmann area 7,0
40,-65,45,Parietal Lobe,Inferior Parietal Lobule,Brodmann area 7,0
40,-60,45,Parietal Lobe,Inferior Parietal Lobule,Brodmann area 40,0
40,-55,45,Parietal Lobe,Inferior Parietal Lobule,Brodmann area 40,0
40,-50,45,Parietal Lobe,Inferior Parietal Lobule,Brodmann area 40,0
40,-45,45,Parietal Lobe,Inferior Parietal Lobule,Brodmann area 40,0
40,-40,45,Parietal Lobe,Inferior Parietal Lobule,Brodmann area 40,0
40,-35,45,Parietal Lobe,Inferior Parietal Lobule,Brodmann area 40,0
40,-30,45,Parietal Lobe,Postcentral Gyrus,Brodmann area 40,0
40,-25,45,Parietal Lobe,Postcentral Gyrus,Brodmann area 3,0
40,-20,45,Frontal Lobe,Precentral Gyrus,Brodmann area 4,0
40,-10,45,Frontal Lobe,Precentral Gyrus,Brodmann area 6,0
40,-5,45,Frontal Lobe,Precentral Gyrus,Brodmann area 6,0
40,0,45,Frontal Lobe,Middle Frontal Gyrus,Brodmann area 6,0
40,25,45,Frontal Lobe,Middle Frontal Gyrus,Brodmann area 8,0
40,30,45,Frontal Lobe,Middle Frontal Gyrus,Brodmann area 8,0
45,-70,45,Parietal Lobe,Inferior Parietal Lobule,Brodmann area 7,0
45,-65,45,Parietal Lobe,Inferior Parietal Lobule,Brodmann area 40,0
45,-60,45,Parietal Lobe,Inferior Parietal Lobule,Brodmann area 40,0
45,-55,45,Parietal Lobe,Inferior Parietal Lobule,Brodmann area 40,0
45,-50,45,Parietal Lobe,Inferior Parietal Lobule,Brodmann area 40,0
45,-45,45,Parietal Lobe,Inferior Parietal Lobule,Brodmann area 40,0
45,-40,45,Parietal Lobe,Inferior Parietal Lobule,Brodmann area 40,0
45,-35,45,Parietal Lobe,Inferior Parietal Lobule,Brodmann area 40,0
45,-30,45,Parietal Lobe,Postcentral Gyrus,Brodmann area 2,0
45,-25,45,Parietal Lobe,Postcentral Gyrus,Brodmann area 2,0
45,-20,45,Frontal Lobe,Precentral Gyrus,Brodmann area 4,0
45,-15,45,Frontal Lobe,Precentral Gyrus,Brodmann area 4,0
45,-5,45,Frontal Lobe,Precentral Gyrus,Brodmann area 6,0
45,0,45,Frontal Lobe,Middle Frontal Gyrus,Brodmann area 6,0
45,10,45,Frontal Lobe,Middle Frontal Gyrus,Brodmann area 8,0
45,25,45,Frontal Lobe,Middle Frontal Gyrus,Brodmann area 8,0
50,-65,45,Parietal Lobe,Inferior Parietal Lobule,Brodmann area 40,0
50,-60,45,Parietal Lobe,Inferior Parietal Lobule,Brodmann area 40,0
50,-55,45,Parietal Lobe,Inferior Parietal Lobule,Brodmann area 40,0
50,-50,45,Parietal Lobe,Inferior Parietal Lobule,Brodmann area 40,0
50,-45,45,Parietal Lobe,Inferior Parietal Lobule,Brodmann area 40,0
50,-40,45,Parietal Lobe,Inferior Parietal Lobule,Brodmann area 40,0
50,-35,45,Parietal Lobe,Inferior Parietal Lobule,Brodmann area 40,0
50,-30,45,Parietal Lobe,Inferior Parietal Lobule,Brodmann area 40,0
50,-25,45,Parietal Lobe,Postcentral Gyrus,Brodmann area 2,0
50,-20,45,Parietal Lobe,Postcentral Gyrus,Brodmann area 3,0
50,-15,45,Frontal Lobe,Precentral Gyrus,Brodmann area 4,0
50,-10,45,Frontal Lobe,Precentral Gyrus,Brodmann area 4,0
50,-5,45,Frontal Lobe,Precentral Gyrus,Brodmann area 6,0
50,0,45,Frontal Lobe,Middle Frontal Gyrus,Brodmann area 6,0
50,5,45,Frontal Lobe,Middle Frontal Gyrus,Brodmann area 6,0
50,10,45,Frontal Lobe,Middle Frontal Gyrus,Brodmann area 8,0
50,15,45,Frontal Lobe,Middle Frontal Gyrus,Brodmann area 8,0
55,-55,45,Parietal Lobe,Inferior Parietal Lobule,Brodmann area 40,0
55,-50,45,Parietal Lobe,Inferior Parietal Lobule,Brodmann area 40,0
55,-45,45,Parietal Lobe,Inferior Parietal Lobule,Brodmann area 40,0
55,-40,45,Parietal Lobe,Inferior Parietal Lobule,Brodmann area 40,0
55,-35,45,Parietal Lobe,Inferior Parietal Lobule,Brodmann area 40,0
55,-30,45,Parietal Lobe,Postcentral Gyrus,Brodmann area 2,0
55,-25,45,Parietal Lobe,Postcentral Gyrus,Brodmann area 2,0
55,-20,45,Parietal Lobe,Postcentral Gyrus,Brodmann area 3,0
55,-15,45,Frontal Lobe,Precentral Gyrus,Brodmann area 4,0
55,-10,45,Frontal Lobe,Precentral Gyrus,Brodmann area 4,0
55,-5,45,Frontal Lobe,Precentral Gyrus,Brodmann area 6,0
55,0,45,Frontal Lobe,Middle Frontal Gyrus,Brodmann area 6,0
55,5,45,Frontal Lobe,Middle Frontal Gyrus,Brodmann area 6,0
60,-45,45,Parietal Lobe,Inferior Parietal Lobule,Brodmann area 40,0
60,-40,45,Parietal Lobe,Inferior Parietal Lobule,Brodmann area 40,0
60,-35,45,Parietal Lobe,Inferior Parietal Lobule,Brodmann area 40,0
60,-30,45,Parietal Lobe,Postcentral Gyrus,Brodmann area 2,0
60,-25,45,Parietal Lobe,Postcentral Gyrus,Brodmann area 3,0
60,-20,45,Frontal Lobe,Precentral Gyrus,Brodmann area 4,0
60,-15,45,Frontal Lobe,Precentral Gyrus,Brodmann area 6,0
60,-10,45,Frontal Lobe,Precentral Gyrus,Brodmann area 6,0
-55,-50,50,Parietal Lobe,Inferior Parietal Lobule,Brodmann area 40,0
-55,-45,50,Parietal Lobe,Inferior Parietal Lobule,Brodmann area 40,0
-55,-40,50,Parietal Lobe,Inferior Parietal Lobule,Brodmann area 40,0
-55,-35,50,Parietal Lobe,Postcentral Gyrus,Brodmann area 40,0
-55,-30,50,Parietal Lobe,Postcentral Gyrus,Brodmann area 2,0
-55,-25,50,Parietal Lobe,Postcentral Gyrus,Brodmann area 2,0
-55,-20,50,Parietal Lobe,Postcentral Gyrus,Brodmann area 1,0
-55,-15,50,Parietal Lobe,Postcentral Gyrus,Brodmann area 3,0
-55,-5,50,Frontal Lobe,Precentral Gyrus,Brodmann area 6,0
-50,-55,50,Parietal Lobe,Inferior Parietal Lobule,Brodmann area 40,0
-50,-50,50,Parietal Lobe,Inferior Parietal Lobule,Brodmann area 40,0
-50,-45,50,Parietal Lobe,Inferior Parietal Lobule,Brodmann area 40,0
-50,-40,50,Parietal Lobe,Inferior Parietal Lobule,Brodmann area 40,0
-50,-35,50,Parietal Lobe,Postcentral Gyrus,Brodmann area 40,0
-50,-30,50,Parietal Lobe,Inferior Parietal Lobule,Brodmann area 40,0
-50,-25,50,Parietal Lobe,Postcentral Gyrus,Brodmann area 2,0
-50,-20,50,Parietal Lobe,Postcentral Gyrus,Brodmann area 3,0
-50,-15,50,Parietal Lobe,Postcentral Gyrus,Brodmann area 3,0
-50,-10,50,Frontal Lobe,Precentral Gyrus,Brodmann area 4,0
-50,0,50,Frontal Lobe,Precentral Gyrus,Brodmann area 6,0
-50,5,50,Frontal Lobe,Middle Frontal Gyrus,Brodmann area 6,0
-45,-60,50,Parietal Lobe,Inferior Parietal Lobule,Brodmann area 40,0
-45,-55,50,Parietal Lobe,Inferior Parietal Lobule,Brodmann area 40,0
-45,-50,50,Parietal Lobe,Inferior Parietal Lobule,Brodmann area 40,0
-45,-45,50,Parietal Lobe,Inferior Parietal Lobule,Brodmann area 40,0
-45,-40,50,Parietal Lobe,Inferior Parietal Lobule,Brodmann area 40,0
-45,-35,50,Parietal Lobe,Inferior Parietal Lobule,Brodmann area 40,0
-45,-30,50,Parietal Lobe,Postcentral Gyrus,Brodmann area 2,0
-45,-25,50,Parietal Lobe,Postcentral Gyrus,Brodmann area 2,0
-45,-20,50,Parietal Lobe,Postcentral Gyrus,Brodmann area 3,0
-45,-15,50,Frontal Lobe,Precentral Gyrus,Brodmann area 4,0
-45,-5,50,Frontal Lobe,Precentral Gyrus,Brodmann area 6,0
-45,0,50,Frontal Lobe,Middle Frontal Gyrus,Brodmann area 6,0
-45,5,50,Frontal Lobe,Middle Frontal Gyrus,Brodmann area 6,0
-45,15,50,Frontal Lobe,Middle Frontal Gyrus,Brodmann area 8,0
-40,-65,50,Parietal Lobe,Superior Parietal Lobule,Brodmann area 7,0
-40,-60,50,Parietal Lobe,Superior Parietal Lobule,Brodmann area 7,0
-40,-55,50,Parietal Lobe,Inferior Parietal Lobule,Brodmann area 40,0
-40,-50,50,Parietal Lobe,Inferior Parietal Lobule,Brodmann area 40,0
-40,-45,50,Parietal Lobe,Inferior Parietal Lobule,Brodmann area 40,0
-40,-40,50,Parietal Lobe,Inferior Parietal Lobule,Brodmann area 40,0
-40,-35,50,Parietal Lobe,Inferior Parietal Lobule,Brodmann area 40,0
-40,-30,50,Parietal Lobe,Postcentral Gyrus,Brodmann area 40,0
-40,-25,50,Parietal Lobe,Postcentral Gyrus,Brodmann area 3,0
-40,-20,50,Frontal Lobe,Precentral Gyrus,Brodmann area 4,0
-40,-15,50,Frontal Lobe,Precentral Gyrus,Brodmann area 4,0
-40,-10,50,Frontal Lobe,Precentral Gyrus,Brodmann area 6,0
-40,-5,50,Frontal Lobe,Middle Frontal Gyrus,Brodmann area 6,0
-40,0,50,Frontal Lobe,Middle Frontal Gyrus,Brodmann area 6,0
-40,20,50,Frontal Lobe,Middle Frontal Gyrus,Brodmann area 8,0
-35,-70,50,Parietal Lobe,Superior Parietal Lobule,Brodmann area 7,0
-35,-60,50,Parietal Lobe,Superior Parietal Lobule,Brodmann area 7,0
-35,-55,50,Parietal Lobe,Inferior Parietal Lobule,Brodmann area 40,0
-35,-50,50,Parietal Lobe,Inferior Parietal Lobule,Brodmann area 40,0
-35,-45,50,Parietal Lobe,Inferior Parietal Lobule,Brodmann area 40,0
-35,-30,50,Parietal Lobe,Postcentral Gyrus,Brodmann area 3,0
-35,-25,50,Parietal Lobe,Postcentral Gyrus,Brodmann area 3,0
-35,-20,50,Frontal Lobe,Precentral Gyrus,Brodmann area 4,0
-35,-15,50,Frontal Lobe,Precentral Gyrus,Brodmann area 6,0
-35,-10,50,Frontal Lobe,Middle Frontal Gyrus,Brodmann area 6,0
-35,-5,50,Frontal Lobe,Middle Frontal Gyrus,Brodmann area 6,0
-35,5,50,Frontal Lobe,Middle Frontal Gyrus,Brodmann area 6,0
-35,15,50,Frontal Lobe,Middle Frontal Gyrus,Brodmann area 8,0
-35,20,50,Frontal Lobe,Middle Frontal Gyrus,Brodmann area 8,0
-35,25,50,Frontal Lobe,Middle Frontal Gyrus,Brodmann area 8,0
-30,-70,50,Parietal Lobe,Superior Parietal Lobule,Brodmann area 7,0
-30,-65,50,Parietal Lobe,Superior Parietal Lobule,Brodmann area 7,0
-30,-60,50,Parietal Lobe,Superior Parietal Lobule,Brodmann area 7,0
-30,-55,50,Parietal Lobe,Superior Parietal Lobule,Brodmann area 7,0
-30,-50,50,Parietal Lobe,Precuneus,Brodmann area 7,0
-30,-35,50,Parietal Lobe,Postcentral Gyrus,Brodmann area 3,0
-30,-30,50,Frontal Lobe,Precentral Gyrus,Brodmann area 4,0
-30,-25,50,Parietal Lobe,Postcentral Gyrus,Brodmann area 3,0
-30,-20,50,Frontal Lobe,Precentral Gyrus,Brodmann area 4,0
-30,-10,50,Frontal Lobe,Middle Frontal Gyrus,Brodmann area 6,0
-30,-5,50,Frontal Lobe,Middle Frontal Gyrus,Brodmann area 6,0
-30,0,50,Frontal Lobe,Middle Frontal Gyrus,Brodmann area 6,0
-30,5,50,Frontal Lobe,Middle Frontal Gyrus,Brodmann area 6,0
-30,10,50,Frontal Lobe,Middle Frontal Gyrus,Brodmann area 6,0
-30,20,50,Frontal Lobe,Middle Frontal Gyrus,Brodmann area 8,0
-25,-75,50,Parietal Lobe,Precuneus,Brodmann area 7,0
-25,-70,50,Parietal Lobe,Superior Parietal Lobule,Brodmann area 7,0
-25,-65,50,Parietal Lobe,Superior Parietal Lobule,Brodmann area 7,0
-25,-60,50,Parietal Lobe,Precuneus,Brodmann area 7,0
-25,-50,50,Parietal Lobe,Precuneus,Brodmann area 7,0
-25,-35,50,Parietal Lobe,Postcentral Gyrus,Brodmann area 3,0
-25,-30,50,Frontal Lobe,Precentral Gyrus,Brodmann area 4,0
-25,-15,50,Frontal Lobe,Precentral Gyrus,Brodmann area 6,0
-25,-10,50,Frontal Lobe,Middle Frontal Gyrus,Brodmann area 6,0
-25,-5,50,Frontal Lobe,Middle Frontal Gyrus,Brodmann area 6,0
-25,0,50,Frontal Lobe,Middle Frontal Gyrus,Brodmann area 6,0
-25,15,50,Frontal Lobe,Middle Frontal Gyrus,Brodmann area 8,0
-25,20,50,Frontal Lobe,Middle Frontal Gyrus,Brodmann area 8,0
-25,25,50,Frontal Lobe,Middle Frontal Gyrus,Brodmann area 8,0
-25,30,50,Frontal Lobe,Middle Frontal Gyrus,Brodmann area 8,0
-25,35,50,Frontal Lobe,Superior Frontal Gyrus,Brodmann area 8,0
-20,-75,50,Parietal Lobe,Precuneus,Brodmann area 7,0
-20,-70,50,Parietal Lobe,Precuneus,Brodmann area 7,0
-20,-65,50,Parietal Lobe,Precuneus,Brodmann area 7,0
-20,-45,50,Frontal Lobe,Paracentral Lobule,Brodmann area 5,0
-20,-30,50,Parietal Lobe,Postcentral Gyrus,Brodmann area 3,0
-20,5,50,Limbic Lobe,Cingulate Gyrus,Brodmann area 32,0
-20,15,50,Frontal Lobe,Superior Frontal Gyrus,Brodmann area 8,0
-20,20,50,Frontal Lobe,Superior Frontal Gyrus,Brodmann area 8,0
-20,25,50,Frontal Lobe,Superior Frontal Gyrus,Brodmann area 8,0
-20,30,50,Frontal Lobe,Superior Frontal Gyrus,Brodmann area 8,0
-20,40,50,Frontal Lobe,Superior Frontal Gyrus,Brodmann area 8,0
-15,-75,50,Parietal Lobe,Precuneus,Brodmann area 7,0
-15,-70,50,Parietal Lobe,Precuneus,Brodmann area 7,0
-15,-60,50,Parietal Lobe,Precuneus,Brodmann area 7,0
-15,-55,50,Parietal Lobe,Precuneus,Brodmann area 7,0
-15,-50,50,Parietal Lobe,Precuneus,Brodmann area 7,0
-15,-45,50,Parietal Lobe,Precuneus,Brodmann area 7,0
-15,-40,50,Frontal Lobe,Paracentral Lobule,Brodmann area 5,0
-15,-35,50,Frontal Lobe,Paracentral Lobule,Brodmann area 5,0
-15,-15,50,Frontal Lobe,Medial Frontal Gyrus,Brodmann area 6,0
-15,-10,50,Limbic Lobe,Cingulate Gyrus,Brodmann area 24,0
-15,-5,50,Limbic Lobe,Cingulate Gyrus,Brodmann area 24,0
-15,5,50,Limbic Lobe,Cingulate Gyrus,Brodmann area 24,0
-15,10,50,Frontal Lobe,Medial Frontal Gyrus,Brodmann area 32,0
-10,-80,50,Parietal Lobe,Precuneus,Brodmann area 7,0
-10,-75,50,Parietal Lobe,Precuneus,Brodmann area 7,0
-10,-65,50,Parietal Lobe,Precuneus,Brodmann area 7,0
-10,-60,50,Parietal Lobe,Precuneus,Brodmann area 7,0
-10,-55,50,Parietal Lobe,Precuneus,Brodmann area 7,0
-10,-50,50,Parietal Lobe,Precuneus,Brodmann area 7,0
-10,-45,50,Parietal Lobe,Precuneus,Brodmann area 7,0
-10,-40,50,Frontal Lobe,Paracentral Lobule,Brodmann area 5,0
-10,-25,50,Frontal Lobe,Medial Frontal Gyrus,Brodmann area 6,0
-10,-15,50,Limbic Lobe,Paracentral Lobule,Brodmann area 31,0
-10,-10,50,Limbic Lobe,Cingulate Gyrus,Brodmann area 24,0
-10,-5,50,Limbic Lobe,Cingulate Gyrus,Brodmann area 24,0
-10,5,50,Limbic Lobe,Cingulate Gyrus,Brodmann area 24,0
-10,10,50,Frontal Lobe,Medial Frontal Gyrus,Brodmann area 32,0
-10,40,50,Frontal Lobe,Superior Frontal Gyrus,Brodmann area 8,0
-10,45,50,Frontal Lobe,Superior Frontal Gyrus,Brodmann area 8,0
-5,-80,50,Parietal Lobe,Precuneus,Brodmann area 7,0
-5,-75,50,Parietal Lobe,Precuneus,Brodmann area 7,0
-5,-70,50,Parietal Lobe,Precuneus,Brodmann area 7,0
-5,-65,50,Parietal Lobe,Precuneus,Brodmann area 7,0
-5,-60,50,Parietal Lobe,Precuneus,Brodmann area 7,0
-5,-55,50,Parietal Lobe,Precuneus,Brodmann area 7,0
-5,-50,50,Parietal Lobe,Precuneus,Brodmann area 7,0
-5,-45,50,Frontal Lobe,Paracentral Lobule,Brodmann area 5,0
-5,-40,50,Frontal Lobe,Paracentral Lobule,Brodmann area 5,0
-5,-35,50,Frontal Lobe,Paracentral Lobule,Brodmann area 5,0
-5,-30,50,Frontal Lobe,Paracentral Lobule,Brodmann area 6,0
-5,-25,50,Frontal Lobe,Paracentral Lobule,Brodmann area 31,0
-5,-20,50,Frontal Lobe,Paracentral Lobule,Brodmann area 31,0
-5,-15,50,Frontal Lobe,Paracentral Lobule,Brodmann area 31,0
-5,-10,50,Limbic Lobe,Cingulate Gyrus,Brodmann area 24,1
-5,-5,50,Limbic Lobe,Cingulate Gyrus,Brodmann area 24,1
-5,0,50,Limbic Lobe,Cingulate Gyrus,Brodmann area 24,1
-5,5,50,Frontal Lobe,Medial Frontal Gyrus,Brodmann area 32,0
-5,15,50,Frontal Lobe,Medial Frontal Gyrus,Brodmann area 6,0
-5,25,50,Frontal Lobe,Medial Frontal Gyrus,Brodmann area 8,0
-5,30,50,Frontal Lobe,Superior Frontal Gyrus,Brodmann area 8,0
-5,35,50,Frontal Lobe,Superior Frontal Gyrus,Brodmann area 8,0
-5,40,50,Frontal Lobe,Superior Frontal Gyrus,Brodmann area 8,0
-5,45,50,Frontal Lobe,Superior Frontal Gyrus,Brodmann area 8,0
0,-65,50,Parietal Lobe,Precuneus,Brodmann area 7,0
0,-60,50,Parietal Lobe,Precuneus,Brodmann area 7,0
0,-50,50,Parietal Lobe,Precuneus,Brodmann area 7,0
0,-45,50,Parietal Lobe,Precuneus,Brodmann area 7,0
0,-40,50,Frontal Lobe,Paracentral Lobule,Brodmann area 5,0
0,-35,50,Frontal Lobe,Paracentral Lobule,Brodmann area 5,0
0,-30,50,Frontal Lobe,Paracentral Lobule,Brodmann area 31,0
0,-25,50,Frontal Lobe,Paracentral Lobule,Brodmann area 31,0
0,-20,50,Frontal Lobe,Paracentral Lobule,Brodmann area 31,0
0,-15,50,Frontal Lobe,Paracentral Lobule,Brodmann area 31,0
0,-5,50,Limbic Lobe,Cingulate Gyrus,Brodmann area 24,1
0,0,50,Limbic Lobe,Cingulate Gyrus,Brodmann area 24,1
0,5,50,Frontal Lobe,Medial Frontal Gyrus,Brodmann area 32,0
0,10,50,Frontal Lobe,Medial Frontal Gyrus,Brodmann area 6,0
0,15,50,Frontal Lobe,Medial Frontal Gyrus,Brodmann area 6,0
0,20,50,Frontal Lobe,Medial Frontal Gyrus,Brodmann area 8,0
0,25,50,Frontal Lobe,Medial Frontal Gyrus,Brodmann area 8,0
0,30,50,Frontal Lobe,Superior Frontal Gyrus,Brodmann area 8,0
0,35,50,Frontal Lobe,Superior Frontal Gyrus,Brodmann area 8,0
5,-75,50,Parietal Lobe,Precuneus,Brodmann area 7,0
5,-70,50,Parietal Lobe,Precuneus,Brodmann area 7,0
5,-65,50,Parietal Lobe,Precuneus,Brodmann area 7,0
5,-60,50,Parietal Lobe,Precuneus,Brodmann area 7,0
5,-55,50,Parietal Lobe,Precuneus,Brodmann area 7,0
5,-50,50,Parietal Lobe,Precuneus,Brodmann area 7,0
5,-45,50,Frontal Lobe,Paracentral Lobule,Brodmann area 5,0
5,-40,50,Frontal Lobe,Paracentral Lobule,Brodmann area 5,0
5,-35,50,Frontal Lobe,Paracentral Lobule,Brodmann area 5,0
5,-30,50,Frontal Lobe,Paracentral Lobule,Brodmann area 31,0
5,-25,50,Frontal Lobe,Paracentral Lobule,Brodmann area 31,0
5,-20,50,Frontal Lobe,Paracentral Lobule,Brodmann area 31,0
5,-15,50,Frontal Lobe,Paracentral Lobule,Brodmann area 31,0
5,-10,50,Limbic Lobe,Cingulate Gyrus,Brodmann area 24,1
5,-5,50,Limbic Lobe,Cingulate Gyrus,Brodmann area 24,1
5,0,50,Limbic Lobe,Cingulate Gyrus,Brodmann area 24,1
5,5,50,Frontal Lobe,Medial Frontal Gyrus,Brodmann area 32,0
5,10,50,Frontal Lobe,Medial Frontal Gyrus,Brodmann area 6,0
5,15,50,Frontal Lobe,Medial Frontal Gyrus,Brodmann area 6,0
5,20,50,Frontal Lobe,Medial Frontal Gyrus,Brodmann area 8,0
5,25,50,Frontal Lobe,Medial Frontal Gyrus,Brodmann area 8,0
5,30,50,Frontal Lobe,Superior Frontal Gyrus,Brodmann area 8,0
5,35,50,Frontal Lobe,Superior Frontal Gyrus,Brodmann area 8,0
5,40,50,Frontal Lobe,Superior Frontal Gyrus,Brodmann area 8,0
5,45,50,Frontal Lobe,Superior Frontal Gyrus,Brodmann area 8,0
10,-80,50,Parietal Lobe,Precuneus,Brodmann area 7,0
10,-65,50,Parietal Lobe,Precuneus,Brodmann area 7,0
10,-60,50,Parietal Lobe,Precuneus,Brodmann area 7,0
10,-55,50,Parietal Lobe,Precuneus,Brodmann area 7,0
10,-50,50,Parietal Lobe,Precuneus,Brodmann area 7,0
10,-45,50,Parietal Lobe,Precuneus,Brodmann area 7,0
10,-40,50,Frontal Lobe,Paracentral Lobule,Brodmann area 5,0
10,-25,50,Frontal Lobe,Medial Frontal Gyrus,Brodmann area 6,0
10,-15,50,Frontal Lobe,Paracentral Lobule,Brodmann area 31,0
10,-10,50,Limbic Lobe,Cingulate Gyrus,Brodmann area 24,0
10,-5,50,Limbic Lobe,Cingulate Gyrus,Brodmann area 24,0
10,5,50,Limbic Lobe,Cingulate Gyrus,Brodmann area 24,0
10,10,50,Frontal Lobe,Medial Frontal Gyrus,Brodmann area 32,0
10,30,50,Frontal Lobe,Superior Frontal Gyrus,Brodmann area 8,0
10,35,50,Frontal Lobe,Superior Frontal Gyrus,Brodmann area 8,0
10,40,50,Frontal Lobe,Superior Frontal Gyrus,Brodmann area 8,0
10,45,50,Frontal Lobe,Superior Frontal Gyrus,Brodmann area 8,0
15,-75,50,Parietal Lobe,Precuneus,Brodmann area 7,0
15,-70,50,Parietal Lobe,Precuneus,Brodmann area 7,0
15,-65,50,Parietal Lobe,Precuneus,Brodmann area 7,0
15,-60,50,Parietal Lobe,Precuneus,Brodmann area 7,0
15,-55,50,Parietal Lobe,Precuneus,Brodmann area 7,0
15,-50,50,Parietal Lobe,Precuneus,Brodmann area 7,0
15,-45,50,Parietal Lobe,Precuneus,Brodmann area 7,0
15,-40,50,Frontal Lobe,Paracentral Lobule,Brodmann area 5,0
15,-35,50,Frontal Lobe,Paracentral Lobule,Brodmann area 5,0
15,-15,50,Frontal Lobe,Medial Frontal Gyrus,Brodmann area 6,0
15,-10,50,Limbic Lobe,Cingulate Gyrus,Brodmann area 24,0
15,-5,50,Limbic Lobe,Cingulate Gyrus,Brodmann area 24,0
15,5,50,Limbic Lobe,Cingulate Gyrus,Brodmann area 24,0
15,10,50,Frontal Lobe,Medial Frontal Gyrus,Brodmann area 32,0
15,45,50,Frontal Lobe,Superior Frontal Gyrus,Brodmann area 8,0
20,-75,50,Parietal Lobe,Precuneus,Brodmann area 7,0
20,-70,50,Parietal Lobe,Precuneus,Brodmann area 7,0
20,-65,50,Parietal Lobe,Precuneus,Brodmann area 7,0
20,-45,50,Frontal Lobe,Paracentral Lobule,Brodmann area 5,0
20,5,50,Limbic Lobe,Cingulate Gyrus,Brodmann area 24,0
20,15,50,Frontal Lobe,Superior Frontal Gyrus,Brodmann area 8,0
20,20,50,Frontal Lobe,Superior Frontal Gyrus,Brodmann area 8,0
20,25,50,Frontal Lobe,Superior Frontal Gyrus,Brodmann area 8,0
20,40,50,Frontal Lobe,Superior Frontal Gyrus,Brodmann area 8,0
25,-75,50,Parietal Lobe,Precuneus,Brodmann area 7,0
25,-70,50,Parietal Lobe,Superior Parietal Lobule,Brodmann area 7,0
25,-65,50,Parietal Lobe,Superior Parietal Lobule,Brodmann area 7,0
25,-60,50,Parietal Lobe,Precuneus,Brodmann area 7,0
25,-35,50,Parietal Lobe,Postcentral Gyrus,Brodmann area 3,0
25,-30,50,Frontal Lobe,Precentral Gyrus,Brodmann area 4,0
25,-15,50,Frontal Lobe,Precentral Gyrus,Brodmann area 6,0
25,-10,50,Frontal Lobe,Middle Frontal Gyrus,Brodmann area 6,0
25,-5,50,Frontal Lobe,Middle Frontal Gyrus,Brodmann area 6,0
25,0,50,Frontal Lobe,Middle Frontal Gyrus,Brodmann area 6,0
25,15,50,Frontal Lobe,Middle Frontal Gyrus,Brodmann area 8,0
25,20,50,Frontal Lobe,Middle Frontal Gyrus,Brodmann area 8,0
25,25,50,Frontal Lobe,Superior Frontal Gyrus,Brodmann area 8,0
25,30,50,Frontal Lobe,Superior Frontal Gyrus,Brodmann area 8,0
25,35,50,Frontal Lobe,Superior Frontal Gyrus,Brodmann area 8,0
30,-70,50,Parietal Lobe,Superior Parietal Lobule,Brodmann area 7,0
30,-65,50,Parietal Lobe,Superior Parietal Lobule,Brodmann area 7,0
30,-60,50,Parietal Lobe,Superior Parietal Lobule,Brodmann area 7,0
30,-55,50,Parietal Lobe,Precuneus,Brodmann area 7,0
30,-50,50,Parietal Lobe,Precuneus,Brodmann area 7,0
30,-35,50,Parietal Lobe,Postcentral Gyrus,Brodmann area 3,0
30,-30,50,Frontal Lobe,Precentral Gyrus,Brodmann area 4,0
30,-25,50,Parietal Lobe,Postcentral Gyrus,Brodmann area 3,0
30,-20,50,Frontal Lobe,Precentral Gyrus,Brodmann area 4,0
30,-15,50,Frontal Lobe,Middle Frontal Gyrus,Brodmann area 6,0
30,-10,50,Frontal Lobe,Middle Frontal Gyrus,Brodmann area 6,0
30,-5,50,Frontal Lobe,Middle Frontal Gyrus,Brodmann area 6,0
30,0,50,Frontal Lobe,Middle Frontal Gyrus,Brodmann area 6,0
30,5,50,Frontal Lobe,Middle Frontal Gyrus,Brodmann area 6,0
30,10,50,Frontal Lobe,Middle Frontal Gyrus,Brodmann area 6,0
30,15,50,Frontal Lobe,Middle Frontal Gyrus,Brodmann area 8,0
30,20,50,Frontal Lobe,Middle Frontal Gyrus,Brodmann area 8,0
30,30,50,Frontal Lobe,Middle Frontal Gyrus,Brodmann area 8,0
30,35,50,Frontal Lobe,Middle Frontal Gyrus,Brodmann area 8,0
35,-70,50,Parietal Lobe,Superior Parietal Lobule,Brodmann area 7,0
35,-60,50,Parietal Lobe,Superior Parietal Lobule,Brodmann area 7,0
35,-55,50,Parietal Lobe,Superior Parietal Lobule,Brodmann area 40,0
35,-50,50,Parietal Lobe,Inferior Parietal Lobule,Brodmann area 40,0
35,-45,50,Parietal Lobe,Inferior Parietal Lobule,Brodmann area 40,0
35,-30,50,Parietal Lobe,Postcentral Gyrus,Brodmann area 3,0
35,-25,50,Parietal Lobe,Postcentral Gyrus,Brodmann area 3,0
35,-20,50,Frontal Lobe,Precentral Gyrus,Brodmann area 4,0
35,-15,50,Frontal Lobe,Precentral Gyrus,Brodmann area 6,0
35,-10,50,Frontal Lobe,Middle Frontal Gyrus,Brodmann area 6,0
35,5,50,Frontal Lobe,Middle Frontal Gyrus,Brodmann area 6,0
35,15,50,Frontal Lobe,Middle Frontal Gyrus,Brodmann area 8,0
35,20,50,Frontal Lobe,Middle Frontal Gyrus,Brodmann area 8,0
35,25,50,Frontal Lobe,Middle Frontal Gyrus,Brodmann area 8,0
35,30,50,Frontal Lobe,Middle Frontal Gyrus,Brodmann area 8,0
40,-65,50,Parietal Lobe,Superior Parietal Lobule,Brodmann area 7,0
40,-60,50,Parietal Lobe,Superior Parietal Lobule,Brodmann area 7,0
40,-55,50,Parietal Lobe,Inferior Parietal Lobule,Brodmann area 40,0
40,-50,50,Parietal Lobe,Inferior Parietal Lobule,Brodmann area 40,0
40,-45,50,Parietal Lobe,Inferior Parietal Lobule,Brodmann area 40,0
40,-40,50,Parietal Lobe,Inferior Parietal Lobule,Brodmann area 40,0
40,-30,50,Parietal Lobe,Postcentral Gyrus,Brodmann area 40,0
40,-25,50,Parietal Lobe,Postcentral Gyrus,Brodmann area 3,0
40,-20,50,Frontal Lobe,Precentral Gyrus,Brodmann area 4,0
40,-15,50,Frontal Lobe,Precentral Gyrus,Brodmann area 4,0
40,-10,50,Frontal Lobe,Precentral Gyrus,Brodmann area 6,0
40,-5,50,Frontal Lobe,Middle Frontal Gyrus,Brodmann area 6,0
40,0,50,Frontal Lobe,Middle Frontal Gyrus,Brodmann area 6,0
40,20,50,Frontal Lobe,Middle Frontal Gyrus,Brodmann area 8,0
40,25,50,Frontal Lobe,Middle Frontal Gyrus,Brodmann area 8,0
45,-65,50,Parietal Lobe,Superior Parietal Lobule,Brodmann area 7,0
45,-60,50,Parietal Lobe,Inferior Parietal Lobule,Brodmann area 40,0
45,-55,50,Parietal Lobe,Inferior Parietal Lobule,Brodmann area 40,0
45,-50,50,Parietal Lobe,Inferior Parietal Lobule,Brodmann area 40,0
45,-45,50,Parietal Lobe,Inferior Parietal Lobule,Brodmann area 40,0
45,-40,50,Parietal Lobe,Inferior Parietal Lobule,Brodmann area 40,0
45,-35,50,Parietal Lobe,Inferior Parietal Lobule,Brodmann area 40,0
45,-30,50,Parietal Lobe,Postcentral Gyrus,Brodmann area 40,0
45,-25,50,Parietal Lobe,Postcentral Gyrus,Brodmann area 2,0
45,-20,50,Parietal Lobe,Postcentral Gyrus,Brodmann area 3,0
45,-15,50,Frontal Lobe,Precentral Gyrus,Brodmann area 4,0
45,-5,50,Frontal Lobe,Precentral Gyrus,Brodmann area 6,0
45,0,50,Frontal Lobe,Middle Frontal Gyrus,Brodmann area 6,0
45,20,50,Frontal Lobe,Middle Frontal Gyrus,Brodmann area 8,0
50,-55,50,Parietal Lobe,Inferior Parietal Lobule,Brodmann area 40,0
50,-50,50,Parietal Lobe,Inferior Parietal Lobule,Brodmann area 40,0
50,-45,50,Parietal Lobe,Inferior Parietal Lobule,Brodmann area 40,0
50,-40,50,Parietal Lobe,Inferior Parietal Lobule,Brodmann area 40,0
50,-35,50,Parietal Lobe,Postcentral Gyrus,Brodmann area 40,0
50,-30,50,Parietal Lobe,Inferior Parietal Lobule,Brodmann area 40,0
50,-25,50,Parietal Lobe,Postcentral Gyrus,Brodmann area 2,0
50,-20,50,Parietal Lobe,Postcentral Gyrus,Brodmann area 3,0
50,-15,50,Frontal Lobe,Precentral Gyrus,Brodmann area 4,0
50,-10,50,Frontal Lobe,Precentral Gyrus,Brodmann area 4,0
50,0,50,Frontal Lobe,Precentral Gyrus,Brodmann area 6,0
50,5,50,Frontal Lobe,Middle Frontal Gyrus,Brodmann area 6,0
55,-50,50,Parietal Lobe,Inferior Parietal Lobule,Brodmann area 40,0
55,-45,50,Parietal Lobe,Inferior Parietal Lobule,Brodmann area 40,0
55,-40,50,Parietal Lobe,Inferior Parietal Lobule,Brodmann area 40,0
55,-35,50,Parietal Lobe,Postcentral Gyrus,Brodmann area 40,0
55,-30,50,Parietal Lobe,Postcentral Gyrus,Brodmann area 2,0
55,-25,50,Parietal Lobe,Postcentral Gyrus,Brodmann area 2,0
55,-20,50,Parietal Lobe,Postcentral Gyrus,Brodmann area 1,0
55,-15,50,Parietal Lobe,Postcentral Gyrus,Brodmann area 3,0
55,-10,50,Frontal Lobe,Precentral Gyrus,Brodmann area 4,0
55,0,50,Frontal Lobe,Precentral Gyrus,Brodmann area 6,0
60,-35,50,Parietal Lobe,Inferior Parietal Lobule,Brodmann area 40,0
60,-30,50,Parietal Lobe,Postcentral Gyrus,Brodmann area 2,0
60,-25,50,Parietal Lobe,Postcentral Gyrus,Brodmann area 2,0
-55,-35,55,Parietal Lobe,Postcentral Gyrus,Brodmann area 40,0
-50,-50,55,Parietal Lobe,Inferior Parietal Lobule,Brodmann area 40,0
-50,-45,55,Parietal Lobe,Inferior Parietal Lobule,Brodmann area 40,0
-50,-40,55,Parietal Lobe,Inferior Parietal Lobule,Brodmann area 40,0
-50,-35,55,Parietal Lobe,Postcentral Gyrus,Brodmann area 40,0
-50,-30,55,Parietal Lobe,Postcentral Gyrus,Brodmann area 2,0
-50,-25,55,Parietal Lobe,Postcentral Gyrus,Brodmann area 1,0
-50,-20,55,Parietal Lobe,Postcentral Gyrus,Brodmann area 3,0
-50,-15,55,Parietal Lobe,Postcentral Gyrus,Brodmann area 3,0
-45,-55,55,Parietal Lobe,Inferior Parietal Lobule,Brodmann area 40,0
-45,-50,55,Parietal Lobe,Inferior Parietal Lobule,Brodmann area 40,0
-45,-45,55,Parietal Lobe,Inferior Parietal Lobule,Brodmann area 40,0
-45,-40,55,Parietal Lobe,Inferior Parietal Lobule,Brodmann area 40,0
-45,-35,55,Parietal Lobe,Postcentral Gyrus,Brodmann area 2,0
-45,-30,55,Parietal Lobe,Postcentral Gyrus,Brodmann area 2,0
-45,-20,55,Parietal Lobe,Postcentral Gyrus,Brodmann area 3,0
-45,-15,55,Frontal Lobe,Precentral Gyrus,Brodmann area 4,0
-45,-5,55,Frontal Lobe,Precentral Gyrus,Brodmann area 6,0
-45,0,55,Frontal Lobe,Middle Frontal Gyrus,Brodmann area 6,0
-45,5,55,Frontal Lobe,Middle Frontal Gyrus,Brodmann area 6,0
-45,10,55,Frontal Lobe,Middle Frontal Gyrus,Brodmann area 6,0
-40,-60,55,Parietal Lobe,Superior Parietal Lobule,Brodmann area 7,0
-40,-55,55,Parietal Lobe,Inferior Parietal Lobule,Brodmann area 40,0
-40,-50,55,Parietal Lobe,Inferior Parietal Lobule,Brodmann area 40,0
-40,-45,55,Parietal Lobe,Inferior Parietal Lobule,Brodmann area 40,0
-40,-40,55,Parietal Lobe,Inferior Parietal Lobule,Brodmann area 40,0
-40,-35,55,Parietal Lobe,Postcentral Gyrus,Brodmann area 40,0
-40,-30,55,Parietal Lobe,Postcentral Gyrus,Brodmann area 3,0
-40,-25,55,Parietal Lobe,Postcentral Gyrus,Brodmann area 3,0
-40,-20,55,Parietal Lobe,Postcentral Gyrus,Brodmann area 3,0
-40,-15,55,Frontal Lobe,Precentral Gyrus,Brodmann area 4,0
-40,-10,55,Frontal Lobe,Precentral Gyrus,Brodmann area 6,0
-40,-5,55,Frontal Lobe,Middle Frontal Gyrus,Brodmann area 6,0
-40,0,55,Frontal Lobe,Middle Frontal Gyrus,Brodmann area 6,0
-40,10,55,Frontal Lobe,Middle Frontal Gyrus,Brodmann area 6,0
-40,15,55,Frontal Lobe,Superior Frontal Gyrus,Brodmann area 8,0
-35,-65,55,Parietal Lobe,Superior Parietal Lobule,Brodmann area 7,0
-35,-60,55,Parietal Lobe,Superior Parietal Lobule,Brodmann area 7,0
-35,-55,55,Parietal Lobe,Inferior Parietal Lobule,Brodmann area 40,0
-35,-50,55,Parietal Lobe,Inferior Parietal Lobule,Brodmann area 40,0
-35,-45,55,Parietal Lobe,Inferior Parietal Lobule,Brodmann area 40,0
-35,-40,55,Parietal Lobe,Postcentral Gyrus,Brodmann area 40,0
-35,-35,55,Parietal Lobe,Postcentral Gyrus,Brodmann area 3,0
-35,-30,55,Parietal Lobe,Postcentral Gyrus,Brodmann area 3,0
-35,-25,55,Frontal Lobe,Precentral Gyrus,Brodmann area 4,0
-35,-20,55,Frontal Lobe,Precentral Gyrus,Brodmann area 4,0
-35,-15,55,Frontal Lobe,Precentral Gyrus,Brodmann area 4,0
-35,-10,55,Frontal Lobe,Precentral Gyrus,Brodmann area 6,0
-35,-5,55,Frontal Lobe,Middle Frontal Gyrus,Brodmann area 6,0
-35,0,55,Frontal Lobe,Middle Frontal Gyrus,Brodmann area 6,0
-35,5,55,Frontal Lobe,Middle Frontal Gyrus,Brodmann area 6,0
-35,10,55,Frontal Lobe,Middle Frontal Gyrus,Brodmann area 6,0
-35,15,55,Frontal Lobe,Superior Frontal Gyrus,Brodmann area 8,0
-35,20,55,Frontal Lobe,Superior Frontal Gyrus,Brodmann area 8,0
-30,-70,55,Parietal Lobe,Superior Parietal Lobule,Brodmann area 7,0
-30,-65,55,Parietal Lobe,Superior Parietal Lobule,Brodmann area 7,0
-30,-60,55,Parietal Lobe,Superior Parietal Lobule,Brodmann area 7,0
-30,-55,55,Parietal Lobe,Superior Parietal Lobule,Brodmann area 7,0
-30,-50,55,Parietal Lobe,Precuneus,Brodmann area 7,0
-30,-40,55,Parietal Lobe,Postcentral Gyrus,Brodmann area 40,0
-30,-35,55,Parietal Lobe,Postcentral Gyrus,Brodmann area 3,0
-30,-30,55,Frontal Lobe,Precentral Gyrus,Brodmann area 4,0
-30,-10,55,Frontal Lobe,Precentral Gyrus,Brodmann area 6,0
-30,-5,55,Frontal Lobe,Middle Frontal Gyrus,Brodmann area 6,0
-30,0,55,Frontal Lobe,Middle Frontal Gyrus,Brodmann area 6,0
-30,5,55,Frontal Lobe,Middle Frontal Gyrus,Brodmann area 6,0
-30,20,55,Frontal Lobe,Superior Frontal Gyrus,Brodmann area 8,0
-30,25,55,Frontal Lobe,Superior Frontal Gyrus,Brodmann area 8,0
-25,-70,55,Parietal Lobe,Superior Parietal Lobule,Brodmann area 7,0
-25,-60,55,Parietal Lobe,Precuneus,Brodmann area 7,0
-25,-50,55,Parietal Lobe,Sub-Gyral,Brodmann area 7,0
-25,-45,55,Parietal Lobe,Sub-Gyral,Brodmann area 40,0
-25,-40,55,Parietal Lobe,Sub-Gyral,Brodmann area 40,0
-25,-35,55,Parietal Lobe,Postcentral Gyrus,Brodmann area 3,0
-25,-30,55,Frontal Lobe,Precentral Gyrus,Brodmann area 4,0
-25,-20,55,Frontal Lobe,Precentral Gyrus,Brodmann area 6,0
-25,-15,55,Frontal Lobe,Precentral Gyrus,Brodmann area 6,0
-25,-10,55,Frontal Lobe,Middle Frontal Gyrus,Brodmann area 6,0
-25,20,55,Frontal Lobe,Superior Frontal Gyrus,Brodmann area 8,0
-25,25,55,Frontal Lobe,Superior Frontal Gyrus,Brodmann area 8,0
-25,30,55,Frontal Lobe,Superior Frontal Gyrus,Brodmann area 8,0
-20,-75,55,Parietal Lobe,Superior Parietal Lobule,Brodmann area 7,0
-20,-70,55,Parietal Lobe,Superior Parietal Lobule,Brodmann area 7,0
-20,-65,55,Parietal Lobe,Superior Parietal Lobule,Brodmann area 7,0
-20,-60,55,Parietal Lobe,Precuneus,Brodmann area 7,0
-20,-55,55,Parietal Lobe,Sub-Gyral,Brodmann area 7,0
-20,-50,55,Parietal Lobe,Sub-Gyral,Brodmann area 7,0
-20,-45,55,Frontal Lobe,Paracentral Lobule,Brodmann area 5,0
-20,-35,55,Parietal Lobe,Postcentral Gyrus,Brodmann area 3,0
-20,-30,55,Parietal Lobe,Postcentral Gyrus,Brodmann area 3,0
-20,-25,55,Frontal Lobe,Precentral Gyrus,Brodmann area 4,0
-20,5,55,Frontal Lobe,Medial Frontal Gyrus,Brodmann area 6,0
-20,10,55,Frontal Lobe,Superior Frontal Gyrus,Brodmann area 6,0
-20,25,55,Frontal Lobe,Superior Frontal Gyrus,Brodmann area 8,0
-20,30,55,Frontal Lobe,Superior Frontal Gyrus,Brodmann area 8,0
-15,-75,55,Parietal Lobe,Superior Parietal Lobule,Brodmann area 7,0
-15,-70,55,Parietal Lobe,Superior Parietal Lobule,Brodmann area 7,0
-15,-65,55,Parietal Lobe,Precuneus,Brodmann area 7,0
-15,-60,55,Parietal Lobe,Precuneus,Brodmann area 7,0
-15,-55,55,Parietal Lobe,Precuneus,Brodmann area 7,0
-15,-50,55,Parietal Lobe,Precuneus,Brodmann area 7,0
-15,-45,55,Frontal Lobe,Paracentral Lobule,Brodmann area 5,0
-15,-40,55,Frontal Lobe,Paracentral Lobule,Brodmann area 5,0
-15,-35,55,Frontal Lobe,Paracentral Lobule,Brodmann area 5,0
-15,-15,55,Frontal Lobe,Medial Frontal Gyrus,Brodmann area 6,0
-15,-10,55,Frontal Lobe,Medial Frontal Gyrus,Brodmann area 6,0
-15,5,55,Frontal Lobe,Medial Frontal Gyrus,Brodmann area 6,0
-15,10,55,Frontal Lobe,Superior Frontal Gyrus,Brodmann area 6,0
-15,30,55,Frontal Lobe,Superior Frontal Gyrus,Brodmann area 8,0
-15,35,55,Frontal Lobe,Superior Frontal Gyrus,Brodmann area 8,0
-10,-70,55,Parietal Lobe,Superior Parietal Lobule,Brodmann area 7,0
-10,-65,55,Parietal Lobe,Superior Parietal Lobule,Brodmann area 7,0
-10,-60,55,Parietal Lobe,Precuneus,Brodmann area 7,0
-10,-55,55,Parietal Lobe,Precuneus,Brodmann area 7,0
-10,-50,55,Parietal Lobe,Precuneus,Brodmann area 7,0
-10,-45,55,Frontal Lobe,Paracentral Lobule,Brodmann area 5,0
-10,-40,55,Frontal Lobe,Paracentral Lobule,Brodmann area 5,0
-10,-30,55,Frontal Lobe,Medial Frontal Gyrus,Brodmann area 6,0
-10,-25,55,Frontal Lobe,Medial Frontal Gyrus,Brodmann area 6,0
-10,-15,55,Frontal Lobe,Medial Frontal Gyrus,Brodmann area 6,0
-10,-10,55,Frontal Lobe,Medial Frontal Gyrus,Brodmann area 6,0
-10,5,55,Frontal Lobe,Medial Frontal Gyrus,Brodmann area 6,0
-10,10,55,Frontal Lobe,Superior Frontal Gyrus,Brodmann area 6,0
-5,-70,55,Parietal Lobe,Superior Parietal Lobule,Brodmann area 7,0
-5,-65,55,Parietal Lobe,Precuneus,Brodmann area 7,0
-5,-60,55,Parietal Lobe,Precuneus,Brodmann area 7,0
-5,-55,55,Parietal Lobe,Precuneus,Brodmann area 7,0
-5,-50,55,Parietal Lobe,Precuneus,Brodmann area 7,0
-5,-45,55,Frontal Lobe,Paracentral Lobule,Brodmann area 5,0
-5,-40,55,Frontal Lobe,Paracentral Lobule,Brodmann area 5,0
-5,-35,55,Frontal Lobe,Paracentral Lobule,Brodmann area 5,0
-5,-30,55,Frontal Lobe,Paracentral Lobule,Brodmann area 6,0
-5,-25,55,Frontal Lobe,Medial Frontal Gyrus,Brodmann area 6,0
-5,-20,55,Frontal Lobe,Medial Frontal Gyrus,Brodmann area 6,0
-5,-15,55,Frontal Lobe,Medial Frontal Gyrus,Brodmann area 6,0
-5,-10,55,Frontal Lobe,Medial Frontal Gyrus,Brodmann area 6,0
-5,-5,55,Frontal Lobe,Medial Frontal Gyrus,Brodmann area 6,0
-5,0,55,Frontal Lobe,Medial Frontal Gyrus,Brodmann area 6,0
-5,5,55,Frontal Lobe,Superior Frontal Gyrus,Brodmann area 6,0
-5,10,55,Frontal Lobe,Superior Frontal Gyrus,Brodmann area 6,0
-5,15,55,Frontal Lobe,Superior Frontal Gyrus,Brodmann area 8,0
-5,25,55,Frontal Lobe,Superior Frontal Gyrus,Brodmann area 8,0
-5,30,55,Frontal Lobe,Superior Frontal Gyrus,Brodmann area 8,0
-5,35,55,Frontal Lobe,Superior Frontal Gyrus,Brodmann area 8,0
0,-60,55,Parietal Lobe,Precuneus,Brodmann area 7,0
0,-40,55,Frontal Lobe,Paracentral Lobule,Brodmann area 5,0
0,-35,55,Frontal Lobe,Paracentral Lobule,Brodmann area 5,0
0,-30,55,Frontal Lobe,Paracentral Lobule,Brodmann area 5,0
0,-25,55,Frontal Lobe,Medial Frontal Gyrus,Brodmann area 6,0
0,-20,55,Frontal Lobe,Medial Frontal Gyrus,Brodmann area 6,0
0,-10,55,Frontal Lobe,Medial Frontal Gyrus,Brodmann area 6,0
0,-5,55,Frontal Lobe,Medial Frontal Gyrus,Brodmann area 6,0
0,5,55,Frontal Lobe,Superior Frontal Gyrus,Brodmann area 6,0
0,10,55,Frontal Lobe,Superior Frontal Gyrus,Brodmann area 6,0
0,15,55,Frontal Lobe,Superior Frontal Gyrus,Brodmann area 8,0
0,20,55,Frontal Lobe,Superior Frontal Gyrus,Brodmann area 8,0
0,30,55,Frontal Lobe,Superior Frontal Gyrus,Brodmann area 8,0
5,-70,55,Parietal Lobe,Superior Parietal Lobule,Brodmann area 7,0
5,-65,55,Parietal Lobe,Precuneus,Brodmann area 7,0
5,-60,55,Parietal Lobe,Precuneus,Brodmann area 7,0
5,-55,55,Parietal Lobe,Precuneus,Brodmann area 7,0
5,-50,55,Parietal Lobe,Precuneus,Brodmann area 7,0
5,-45,55,Frontal Lobe,Paracentral Lobule,Brodmann area 5,0
5,-40,55,Frontal Lobe,Paracentral Lobule,Brodmann area 5,0
5,-35,55,Frontal Lobe,Paracentral Lobule,Brodmann area 5,0
5,-30,55,Frontal Lobe,Paracentral Lobule,Brodmann area 6,0
5,-25,55,Frontal Lobe,Medial Frontal Gyrus,Brodmann area 6,0
5,-20,55,Frontal Lobe,Medial Frontal Gyrus,Brodmann area 6,0
5,-15,55,Frontal Lobe,Medial Frontal Gyrus,Brodmann area 6,0
5,-10,55,Frontal Lobe,Medial Frontal Gyrus,Brodmann area 6,0
5,-5,55,Frontal Lobe,Medial Frontal Gyrus,Brodmann area 6,0
5,0,55,Frontal Lobe,Medial Frontal Gyrus,Brodmann area 6,0
5,5,55,Frontal Lobe,Superior Frontal Gyrus,Brodmann area 6,0
5,10,55,Frontal Lobe,Superior Frontal Gyrus,Brodmann area 6,0
5,15,55,Frontal Lobe,Superior Frontal Gyrus,Brodmann area 8,0
5,20,55,Frontal Lobe,Superior Frontal Gyrus,Brodmann area 8,0
5,25,55,Frontal Lobe,Superior Frontal Gyrus,Brodmann area 8,0
5,30,55,Frontal Lobe,Superior Frontal Gyrus,Brodmann area 8,0
5,35,55,Frontal Lobe,Superior Frontal Gyrus,Brodmann area 8,0
5,40,55,Frontal Lobe,Superior Frontal Gyrus,Brodmann area 8,0
10,-70,55,Parietal Lobe,Superior Parietal Lobule,Brodmann area 7,0
10,-65,55,Parietal Lobe,Precuneus,Brodmann area 7,0
10,-60,55,Parietal Lobe,Precuneus,Brodmann area 7,0
10,-55,55,Parietal Lobe,Precuneus,Brodmann area 7,0
10,-50,55,Parietal Lobe,Precuneus,Brodmann area 7,0
10,-45,55,Frontal Lobe,Paracentral Lobule,Brodmann area 5,0
10,-40,55,Frontal Lobe,Paracentral Lobule,Brodmann area 5,0
10,-30,55,Frontal Lobe,Medial Frontal Gyrus,Brodmann area 6,0
10,-25,55,Frontal Lobe,Medial Frontal Gyrus,Brodmann area 6,0
10,-15,55,Frontal Lobe,Medial Frontal Gyrus,Brodmann area 6,0
10,5,55,Frontal Lobe,Medial Frontal Gyrus,Brodmann area 6,0
10,10,55,Frontal Lobe,Superior Frontal Gyrus,Brodmann area 6,0
15,-75,55,Parietal Lobe,Superior Parietal Lobule,Brodmann area 7,0
15,-70,55,Parietal Lobe,Superior Parietal Lobule,Brodmann area 7,0
15,-65,55,Parietal Lobe,Precuneus,Brodmann area 7,0
15,-60,55,Parietal Lobe,Precuneus,Brodmann area 7,0
15,-55,55,Parietal Lobe,Precuneus,Brodmann area 7,0
15,-50,55,Parietal Lobe,Precuneus,Brodmann area 7,0
15,-45,55,Frontal Lobe,Paracentral Lobule,Brodmann area 5,0
15,-40,55,Frontal Lobe,Paracentral Lobule,Brodmann area 5,0
15,-35,55,Frontal Lobe,Paracentral Lobule,Brodmann area 5,0
15,-15,55,Frontal Lobe,Medial Frontal Gyrus,Brodmann area 6,0
15,-10,55,Frontal Lobe,Medial Frontal Gyrus,Brodmann area 6,0
15,5,55,Frontal Lobe,Medial Frontal Gyrus,Brodmann area 6,0
15,10,55,Frontal Lobe,Superior Frontal Gyrus,Brodmann area 6,0
15,30,55,Frontal Lobe,Superior Frontal Gyrus,Brodmann area 8,0
15,35,55,Frontal Lobe,Superior Frontal Gyrus,Brodmann area 8,0
20,-75,55,Parietal Lobe,Superior Parietal Lobule,Brodmann area 7,0
20,-70,55,Parietal Lobe,Superior Parietal Lobule,Brodmann area 7,0
20,-65,55,Parietal Lobe,Superior Parietal Lobule,Brodmann area 7,0
20,-60,55,Parietal Lobe,Precuneus,Brodmann area 7,0
20,-55,55,Parietal Lobe,Precuneus,Brodmann area 7,0
20,-50,55,Parietal Lobe,Precuneus,Brodmann area 7,0
20,-45,55,Frontal Lobe,Paracentral Lobule,Brodmann area 5,0
20,-35,55,Parietal Lobe,Postcentral Gyrus,Brodmann area 3,0
20,-30,55,Frontal Lobe,Precentral Gyrus,Brodmann area 4,0
20,-25,55,Frontal Lobe,Precentral Gyrus,Brodmann area 4,0
20,5,55,Frontal Lobe,Medial Frontal Gyrus,Brodmann area 6,0
20,10,55,Frontal Lobe,Superior Frontal Gyrus,Brodmann area 6,0
20,30,55,Frontal Lobe,Superior Frontal Gyrus,Brodmann area 8,0
20,35,55,Frontal Lobe,Superior Frontal Gyrus,Brodmann area 8,0
25,-70,55,Parietal Lobe,Superior Parietal Lobule,Brodmann area 7,0
25,-60,55,Parietal Lobe,Precuneus,Brodmann area 7,0
25,-50,55,Parietal Lobe,Sub-Gyral,Brodmann area 7,0
25,-45,55,Parietal Lobe,Sub-Gyral,Brodmann area 40,0
25,-40,55,Parietal Lobe,Sub-Gyral,Brodmann area 40,0
25,-35,55,Parietal Lobe,Postcentral Gyrus,Brodmann area 3,0
25,-30,55,Parietal Lobe,Precentral Gyrus,Brodmann area 4,0
25,-25,55,Frontal Lobe,Precentral Gyrus,Brodmann area 4,0
25,-20,55,Frontal Lobe,Precentral Gyrus,Brodmann area 6,0
25,-15,55,Frontal Lobe,Precentral Gyrus,Brodmann area 6,0
25,-10,55,Frontal Lobe,Middle Frontal Gyrus,Brodmann area 6,0
25,10,55,Frontal Lobe,Superior Frontal Gyrus,Brodmann area 6,0
25,20,55,Frontal Lobe,Superior Frontal Gyrus,Brodmann area 8,0
25,25,55,Frontal Lobe,Superior Frontal Gyrus,Brodmann area 8,0
25,30,55,Frontal Lobe,Superior Frontal Gyrus,Brodmann area 8,0
30,-70,55,Parietal Lobe,Superior Parietal Lobule,Brodmann area 7,0
30,-65,55,Parietal Lobe,Superior Parietal Lobule,Brodmann area 7,0
30,-60,55,Parietal Lobe,Superior Parietal Lobule,Brodmann area 7,0
30,-55,55,Parietal Lobe,Sub-Gyral,Brodmann area 7,0
30,-50,55,Parietal Lobe,Precuneus,Brodmann area 7,0
30,-40,55,Parietal Lobe,Postcentral Gyrus,Brodmann area 40,0
30,-35,55,Parietal Lobe,Postcentral Gyrus,Brodmann area 3,0
30,-30,55,Frontal Lobe,Precentral Gyrus,Brodmann area 4,0
30,-10,55,Frontal Lobe,Precentral Gyrus,Brodmann area 6,0
30,-5,55,Frontal Lobe,Middle Frontal Gyrus,Brodmann area 6,0
30,0,55,Frontal Lobe,Middle Frontal Gyrus,Brodmann area 6,0
30,5,55,Frontal Lobe,Middle Frontal Gyrus,Brodmann area 6,0
30,20,55,Frontal Lobe,Superior Frontal Gyrus,Brodmann area 8,0
30,25,55,Frontal Lobe,Superior Frontal Gyrus,Brodmann area 8,0
35,-65,55,Parietal Lobe,Superior Parietal Lobule,Brodmann area 7,0
35,-60,55,Parietal Lobe,Superior Parietal Lobule,Brodmann area 7,0
35,-55,55,Parietal Lobe,Inferior Parietal Lobule,Brodmann area 40,0
35,-45,55,Parietal Lobe,Inferior Parietal Lobule,Brodmann area 40,0
35,-40,55,Parietal Lobe,Postcentral Gyrus,Brodmann area 40,0
35,-35,55,Parietal Lobe,Postcentral Gyrus,Brodmann area 3,0
35,-30,55,Frontal Lobe,Precentral Gyrus,Brodmann area 4,0
35,-25,55,Frontal Lobe,Precentral Gyrus,Brodmann area 4,0
35,-20,55,Frontal Lobe,Precentral Gyrus,Brodmann area 4,0
35,-10,55,Frontal Lobe,Precentral Gyrus,Brodmann area 6,0
35,-5,55,Frontal Lobe,Middle Frontal Gyrus,Brodmann area 6,0
35,0,55,Frontal Lobe,Middle Frontal Gyrus,Brodmann area 6,0
35,5,55,Frontal Lobe,Middle Frontal Gyrus,Brodmann area 6,0
35,10,55,Frontal Lobe,Middle Frontal Gyrus,Brodmann area 6,0
35,15,55,Frontal Lobe,Superior Frontal Gyrus,Brodmann area 8,0
35,20,55,Frontal Lobe,Superior Frontal Gyrus,Brodmann area 8,0
40,-60,55,Parietal Lobe,Superior Parietal Lobule,Brodmann area 7,0
40,-55,55,Parietal Lobe,Inferior Parietal Lobule,Brodmann area 40,0
40,-50,55,Parietal Lobe,Inferior Parietal Lobule,Brodmann area 40,0
40,-45,55,Parietal Lobe,Inferior Parietal Lobule,Brodmann area 40,0
40,-40,55,Parietal Lobe,Inferior Parietal Lobule,Brodmann area 40,0
40,-35,55,Parietal Lobe,Postcentral Gyrus,Brodmann area 40,0
40,-30,55,Parietal Lobe,Postcentral Gyrus,Brodmann area 3,0
40,-25,55,Parietal Lobe,Postcentral Gyrus,Brodmann area 3,0
40,-20,55,Frontal Lobe,Precentral Gyrus,Brodmann area 4,0
40,-15,55,Frontal Lobe,Precentral Gyrus,Brodmann area 4,0
40,-10,55,Frontal Lobe,Precentral Gyrus,Brodmann area 6,0
40,-5,55,Frontal Lobe,Middle Frontal Gyrus,Brodmann area 6,0
40,5,55,Frontal Lobe,Middle Frontal Gyrus,Brodmann area 6,0
40,10,55,Frontal Lobe,Middle Frontal Gyrus,Brodmann area 6,0
40,15,55,Frontal Lobe,Superior Frontal Gyrus,Brodmann area 8,0
40,20,55,Frontal Lobe,Superior Frontal Gyrus,Brodmann area 8,0
45,-60,55,Parietal Lobe,Inferior Parietal Lobule,Brodmann area 40,0
45,-55,55,Parietal Lobe,Inferior Parietal Lobule,Brodmann area 40,0
45,-50,55,Parietal Lobe,Inferior Parietal Lobule,Brodmann area 40,0
45,-45,55,Parietal Lobe,Inferior Parietal Lobule,Brodmann area 40,0
45,-40,55,Parietal Lobe,Inferior Parietal Lobule,Brodmann area 40,0
45,-35,55,Parietal Lobe,Postcentral Gyrus,Brodmann area 2,0
45,-30,55,Parietal Lobe,Postcentral Gyrus,Brodmann area 2,0
45,-25,55,Parietal Lobe,Postcentral Gyrus,Brodmann area 3,0
45,-20,55,Parietal Lobe,Postcentral Gyrus,Brodmann area 3,0
45,-15,55,Frontal Lobe,Precentral Gyrus,Brodmann area 4,0
45,-10,55,Frontal Lobe,Precentral Gyrus,Brodmann area 6,0
45,-5,55,Frontal Lobe,Precentral Gyrus,Brodmann area 6,0
45,0,55,Frontal Lobe,Middle Frontal Gyrus,Brodmann area 6,0
45,5,55,Frontal Lobe,Middle Frontal Gyrus,Brodmann area 6,0
45,10,55,Frontal Lobe,Middle Frontal Gyrus,Brodmann area 6,0
50,-50,55,Parietal Lobe,Inferior Parietal Lobule,Brodmann area 40,0
50,-45,55,Parietal Lobe,Inferior Parietal Lobule,Brodmann area 40,0
50,-40,55,Parietal Lobe,Inferior Parietal Lobule,Brodmann area 40,0
50,-35,55,Parietal Lobe,Postcentral Gyrus,Brodmann area 40,0
50,-30,55,Parietal Lobe,Postcentral Gyrus,Brodmann area 2,0
50,-25,55,Parietal Lobe,Postcentral Gyrus,Brodmann area 1,0
50,-20,55,Parietal Lobe,Postcentral Gyrus,Brodmann area 3,0
50,-15,55,Parietal Lobe,Postcentral Gyrus,Brodmann area 3,0
50,-10,55,Frontal Lobe,Precentral Gyrus,Brodmann area 4,0
50,-5,55,Frontal Lobe,Precentral Gyrus,Brodmann area 6,0
55,-35,55,Parietal Lobe,Postcentral Gyrus,Brodmann area 40,0
55,-30,55,Parietal Lobe,Postcentral Gyrus,Brodmann area 2,0
55,-25,55,Parietal Lobe,Postcentral Gyrus,Brodmann area 2,0
55,-20,55,Parietal Lobe,Postcentral Gyrus,Brodmann area 1,0
-50,-35,60,Parietal Lobe,Inferior Parietal Lobule,Brodmann area 40,0
-50,-30,60,Parietal Lobe,Postcentral Gyrus,Brodmann area 2,0
-50,-25,60,Parietal Lobe,Postcentral Gyrus,Brodmann area 1,0
-50,-20,60,Parietal Lobe,Postcentral Gyrus,Brodmann area 3,0
-45,-40,60,Parietal Lobe,Inferior Parietal Lobule,Brodmann area 40,0
-45,-35,60,Parietal Lobe,Postcentral Gyrus,Brodmann area 2,0
-45,-30,60,Parietal Lobe,Postcentral Gyrus,Brodmann area 1,0
-45,-25,60,Parietal Lobe,Postcentral Gyrus,Brodmann area 3,0
-45,-20,60,Parietal Lobe,Postcentral Gyrus,Brodmann area 3,0
-45,-15,60,Frontal Lobe,Precentral Gyrus,Brodmann area 4,0
-45,-10,60,Frontal Lobe,Precentral Gyrus,Brodmann area 6,0
-40,-55,60,Parietal Lobe,Inferior Parietal Lobule,Brodmann area 40,0
-40,-50,60,Parietal Lobe,Inferior Parietal Lobule,Brodmann area 40,0
-40,-45,60,Parietal Lobe,Inferior Parietal Lobule,Brodmann area 40,0
-40,-40,60,Parietal Lobe,Postcentral Gyrus,Brodmann area 2,0
-40,-35,60,Parietal Lobe,Postcentral Gyrus,Brodmann area 40,0
-40,-30,60,Parietal Lobe,Postcentral Gyrus,Brodmann area 3,0
-40,-25,60,Parietal Lobe,Postcentral Gyrus,Brodmann area 3,0
-40,-20,60,Frontal Lobe,Precentral Gyrus,Brodmann area 4,0
-40,-15,60,Frontal Lobe,Precentral Gyrus,Brodmann area 4,0
-40,-10,60,Frontal Lobe,Precentral Gyrus,Brodmann area 6,0
-40,-5,60,Frontal Lobe,Middle Frontal Gyrus,Brodmann area 6,0
-40,0,60,Frontal Lobe,Middle Frontal Gyrus,Brodmann area 6,0
-40,5,60,Frontal Lobe,Middle Frontal Gyrus,Brodmann area 6,0
-35,-60,60,Parietal Lobe,Superior Parietal Lobule,Brodmann area 7,0
-35,-55,60,Parietal Lobe,Inferior Parietal Lobule,Brodmann area 40,0
-35,-50,60,Parietal Lobe,Postcentral Gyrus,Brodmann area 5,0
-35,-45,60,Parietal Lobe,Postcentral Gyrus,Brodmann area 5,0
-35,-40,60,Parietal Lobe,Postcentral Gyrus,Brodmann area 40,0
-35,-35,60,Parietal Lobe,Postcentral Gyrus,Brodmann area 3,0
-35,-30,60,Frontal Lobe,Precentral Gyrus,Brodmann area 4,0
-35,-25,60,Frontal Lobe,Precentral Gyrus,Brodmann area 4,0
-35,-10,60,Frontal Lobe,Precentral Gyrus,Brodmann area 6,0
-35,-5,60,Frontal Lobe,Middle Frontal Gyrus,Brodmann area 6,0
-35,10,60,Frontal Lobe,Middle Frontal Gyrus,Brodmann area 6,0
-30,-65,60,Parietal Lobe,Superior Parietal Lobule,Brodmann area 7,0
-30,-60,60,Parietal Lobe,Superior Parietal Lobule,Brodmann area 7,0
-30,-55,60,Parietal Lobe,Superior Parietal Lobule,Brodmann area 7,0
-30,-50,60,Parietal Lobe,Superior Parietal Lobule,Brodmann area 7,0
-30,-45,60,Parietal Lobe,Postcentral Gyrus,Brodmann area 5,0
-30,-40,60,Parietal Lobe,Postcentral Gyrus,Brodmann area 40,0
-30,-35,60,Parietal Lobe,Postcentral Gyrus,Brodmann area 3,0
-30,-30,60,Frontal Lobe,Precentral Gyrus,Brodmann area 4,0
-30,-15,60,Frontal Lobe,Precentral Gyrus,Brodmann area 6,0
-30,-10,60,Frontal Lobe,Middle Frontal Gyrus,Brodmann area 6,0
-30,10,60,Frontal Lobe,Middle Frontal Gyrus,Brodmann area 6,0
-30,15,60,Frontal Lobe,Middle Frontal Gyrus,Brodmann area 6,0
-25,-65,60,Parietal Lobe,Superior Parietal Lobule,Brodmann area 7,0
-25,-60,60,Parietal Lobe,Superior Parietal Lobule,Brodmann area 7,0
-25,-55,60,Parietal Lobe,Superior Parietal Lobule,Brodmann area 7,0
-25,-50,60,Parietal Lobe,Superior Parietal Lobule,Brodmann area 7,0
-25,-45,60,Parietal Lobe,Sub-Gyral,Brodmann area 40,0
-25,-40,60,Parietal Lobe,Sub-Gyral,Brodmann area 40,0
-25,-35,60,Parietal Lobe,Postcentral Gyrus,Brodmann area 3,0
-25,-30,60,Frontal Lobe,Precentral Gyrus,Brodmann area 4,0
-25,-20,60,Frontal Lobe,Precentral Gyrus,Brodmann area 6,0
-25,-15,60,Frontal Lobe,Precentral Gyrus,Brodmann area 6,0
-25,-10,60,Frontal Lobe,Middle Frontal Gyrus,Brodmann area 6,0
-25,-5,60,Frontal Lobe,Sub-Gyral,Brodmann area 6,0
-25,0,60,Frontal Lobe,Sub-Gyral,Brodmann area 6,0
-25,5,60,Frontal Lobe,Middle Frontal Gyrus,Brodmann area 6,0
-25,10,60,Frontal Lobe,Middle Frontal Gyrus,Brodmann area 6,0
-25,20,60,Frontal Lobe,Middle Frontal Gyrus,Brodmann area 6,0
-20,-65,60,Parietal Lobe,Superior Parietal Lobule,Brodmann area 7,0
-20,-60,60,Parietal Lobe,Superior Parietal Lobule,Brodmann area 7,0
-20,-55,60,Parietal Lobe,Superior Parietal Lobule,Brodmann area 7,0
-20,-50,60,Parietal Lobe,Superior Parietal Lobule,Brodmann area 7,0
-20,-45,60,Parietal Lobe,Superior Parietal Lobule,Brodmann area 5,0
-20,-40,60,Parietal Lobe,Postcentral Gyrus,Brodmann area 3,0
-20,-35,60,Parietal Lobe,Postcentral Gyrus,Brodmann area 3,0
-20,-30,60,Parietal Lobe,Postcentral Gyrus,Brodmann area 3,0
-20,-10,60,Frontal Lobe,Sub-Gyral,Brodmann area 6,0
-20,-5,60,Frontal Lobe,Sub-Gyral,Brodmann area 6,0
-20,0,60,Frontal Lobe,Sub-Gyral,Brodmann area 6,0
-20,10,60,Frontal Lobe,Superior Frontal Gyrus,Brodmann area 6,0
-20,15,60,Frontal Lobe,Middle Frontal Gyrus,Brodmann area 6,0
-20,20,60,Frontal Lobe,Middle Frontal Gyrus,Brodmann area 6,0
-20,25,60,Frontal Lobe,Superior Frontal Gyrus,Brodmann area 6,0
-15,-65,60,Parietal Lobe,Superior Parietal Lobule,Brodmann area 7,0
-15,-60,60,Parietal Lobe,Superior Parietal Lobule,Brodmann area 7,0
-15,-55,60,Parietal Lobe,Superior Parietal Lobule,Brodmann area 7,0
-15,-50,60,Parietal Lobe,Precuneus,Brodmann area 7,0
-15,-45,60,Frontal Lobe,Paracentral Lobule,Brodmann area 5,0
-15,-40,60,Frontal Lobe,Paracentral Lobule,Brodmann area 3,0
-15,-35,60,Frontal Lobe,Precentral Gyrus,Brodmann area 4,0
-15,-30,60,Frontal Lobe,Precentral Gyrus,Brodmann area 4,0
-15,-15,60,Frontal Lobe,Medial Frontal Gyrus,Brodmann area 6,0
-15,15,60,Frontal Lobe,Superior Frontal Gyrus,Brodmann area 6,0
-15,20,60,Frontal Lobe,Superior Frontal Gyrus,Brodmann area 6,0
-15,25,60,Frontal Lobe,Superior Frontal Gyrus,Brodmann area 6,0
-10,-65,60,Parietal Lobe,Precuneus,Brodmann area 7,0
-10,-60,60,Parietal Lobe,Precuneus,Brodmann area 7,0
-10,-50,60,Parietal Lobe,Precuneus,Brodmann area 7,0
-10,-45,60,Frontal Lobe,Paracentral Lobule,Brodmann area 5,0
-10,-40,60,Frontal Lobe,Postcentral Gyrus,Brodmann area 4,0
-10,-30,60,Frontal Lobe,Medial Frontal Gyrus,Brodmann area 6,0
-10,-15,60,Frontal Lobe,Medial Frontal Gyrus,Brodmann area 6,0
-10,-10,60,Frontal Lobe,Medial Frontal Gyrus,Brodmann area 6,0
-10,0,60,Frontal Lobe,Medial Frontal Gyrus,Brodmann area 6,0
-10,5,60,Frontal Lobe,Superior Frontal Gyrus,Brodmann area 6,0
-10,20,60,Frontal Lobe,Superior Frontal Gyrus,Brodmann area 6,0
-10,25,60,Frontal Lobe,Superior Frontal Gyrus,Brodmann area 6,0
-10,30,60,Frontal Lobe,Superior Frontal Gyrus,Brodmann area 6,0
-5,-65,60,Parietal Lobe,Precuneus,Brodmann area 7,0
-5,-55,60,Parietal Lobe,Precuneus,Brodmann area 7,0
-5,-50,60,Parietal Lobe,Precuneus,Brodmann area 7,0
-5,-45,60,Frontal Lobe,Paracentral Lobule,Brodmann area 5,0
-5,-40,60,Frontal Lobe,Paracentral Lobule,Brodmann area 4,0
-5,-35,60,Frontal Lobe,Paracentral Lobule,Brodmann area 6,0
-5,-30,60,Frontal Lobe,Medial Frontal Gyrus,Brodmann area 6,0
-5,-20,60,Frontal Lobe,Medial Frontal Gyrus,Brodmann area 6,0
-5,-15,60,Frontal Lobe,Medial Frontal Gyrus,Brodmann area 6,0
-5,-10,60,Frontal Lobe,Medial Frontal Gyrus,Brodmann area 6,0
-5,-5,60,Frontal Lobe,Medial Frontal Gyrus,Brodmann area 6,0
-5,0,60,Frontal Lobe,Medial Frontal Gyrus,Brodmann area 6,0
-5,5,60,Frontal Lobe,Superior Frontal Gyrus,Brodmann area 6,0
-5,20,60,Frontal Lobe,Superior Frontal Gyrus,Brodmann area 6,0
-5,25,60,Frontal Lobe,Superior Frontal Gyrus,Brodmann area 6,0
-5,30,60,Frontal Lobe,Superior Frontal Gyrus,Brodmann area 6,0
0,-55,60,Parietal Lobe,Precuneus,Brodmann area 7,0
0,-45,60,Frontal Lobe,Paracentral Lobule,Brodmann area 5,0
0,-40,60,Frontal Lobe,Paracentral Lobule,Brodmann area 5,0
0,-35,60,Frontal Lobe,Paracentral Lobule,Brodmann area 5,0
0,-30,60,Frontal Lobe,Medial Frontal Gyrus,Brodmann area 6,0
0,-25,60,Frontal Lobe,Medial Frontal Gyrus,Brodmann area 6,0
5,-65,60,Parietal Lobe,Precuneus,Brodmann area 7,0
5,-60,60,Parietal Lobe,Precuneus,Brodmann area 7,0
5,-55,60,Parietal Lobe,Precuneus,Brodmann area 7,0
5,-50,60,Parietal Lobe,Precuneus,Brodmann area 7,0
5,-45,60,Frontal Lobe,Paracentral Lobule,Brodmann area 5,0
5,-40,60,Frontal Lobe,Paracentral Lobule,Brodmann area 5,0
5,-35,60,Frontal Lobe,Paracentral Lobule,Brodmann area 5,0
5,-30,60,Frontal Lobe,Medial Frontal Gyrus,Brodmann area 6,0
5,-25,60,Frontal Lobe,Medial Frontal Gyrus,Brodmann area 6,0
5,-20,60,Frontal Lobe,Medial Frontal Gyrus,Brodmann area 6,0
5,-15,60,Frontal Lobe,Medial Frontal Gyrus,Brodmann area 6,0
5,-10,60,Frontal Lobe,Medial Frontal Gyrus,Brodmann area 6,0
5,-5,60,Frontal Lobe,Medial Frontal Gyrus,Brodmann area 6,0
5,0,60,Frontal Lobe,Medial Frontal Gyrus,Brodmann area 6,0
5,5,60,Frontal Lobe,Superior Frontal Gyrus,Brodmann area 6,0
5,10,60,Frontal Lobe,Superior Frontal Gyrus,Brodmann area 6,0
5,15,60,Frontal Lobe,Superior Frontal Gyrus,Brodmann area 6,0
5,20,60,Frontal Lobe,Superior Frontal Gyrus,Brodmann area 6,0
5,25,60,Frontal Lobe,Superior Frontal Gyrus,Brodmann area 6,0
5,30,60,Frontal Lobe,Superior Frontal Gyrus,Brodmann area 6,0
10,-65,60,Parietal Lobe,Precuneus,Brodmann area 7,0
10,-60,60,Parietal Lobe,Precuneus,Brodmann area 7,0
10,-50,60,Parietal Lobe,Paracentral Lobule,Brodmann area 7,0
10,-45,60,Frontal Lobe,Paracentral Lobule,Brodmann area 5,0
10,-30,60,Frontal Lobe,Medial Frontal Gyrus,Brodmann area 6,0
10,-15,60,Frontal Lobe,Medial Frontal Gyrus,Brodmann area 6,0
10,-10,60,Frontal Lobe,Medial Frontal Gyrus,Brodmann area 6,0
10,0,60,Frontal Lobe,Medial Frontal Gyrus,Brodmann area 6,0
10,5,60,Frontal Lobe,Superior Frontal Gyrus,Brodmann area 6,0
10,25,60,Frontal Lobe,Superior Frontal Gyrus,Brodmann area 6,0
10,30,60,Frontal Lobe,Superior Frontal Gyrus,Brodmann area 6,0
15,-65,60,Parietal Lobe,Superior Parietal Lobule,Brodmann area 7,0
15,-60,60,Parietal Lobe,Superior Parietal Lobule,Brodmann area 7,0
15,-55,60,Parietal Lobe,Superior Parietal Lobule,Brodmann area 7,0
15,-50,60,Parietal Lobe,Precuneus,Brodmann area 7,0
15,-45,60,Frontal Lobe,Paracentral Lobule,Brodmann area 5,0
15,-40,60,Frontal Lobe,Paracentral Lobule,Brodmann area 4,0
15,-15,60,Frontal Lobe,Medial Frontal Gyrus,Brodmann area 6,0
15,-10,60,Frontal Lobe,Medial Frontal Gyrus,Brodmann area 6,0
15,5,60,Frontal Lobe,Medial Frontal Gyrus,Brodmann area 6,0
15,15,60,Frontal Lobe,Superior Frontal Gyrus,Brodmann area 6,0
15,20,60,Frontal Lobe,Superior Frontal Gyrus,Brodmann area 6,0
15,25,60,Frontal Lobe,Superior Frontal Gyrus,Brodmann area 6,0
15,30,60,Frontal Lobe,Superior Frontal Gyrus,Brodmann area 6,0
20,-65,60,Parietal Lobe,Superior Parietal Lobule,Brodmann area 7,0
20,-60,60,Parietal Lobe,Superior Parietal Lobule,Brodmann area 7,0
20,-55,60,Parietal Lobe,Superior Parietal Lobule,Brodmann area 7,0
20,-50,60,Parietal Lobe,Superior Parietal Lobule,Brodmann area 7,0
20,-45,60,Frontal Lobe,Paracentral Lobule,Brodmann area 5,0
20,-40,60,Parietal Lobe,Postcentral Gyrus,Brodmann area 3,0
20,-35,60,Parietal Lobe,Postcentral Gyrus,Brodmann area 3,0
20,-30,60,Frontal Lobe,Precentral Gyrus,Brodmann area 4,0
20,-10,60,Frontal Lobe,Sub-Gyral,Brodmann area 6,0
20,-5,60,Frontal Lobe,Sub-Gyral,Brodmann area 6,0
20,0,60,Frontal Lobe,Sub-Gyral,Brodmann area 6,0
20,10,60,Frontal Lobe,Superior Frontal Gyrus,Brodmann area 6,0
20,15,60,Frontal Lobe,Superior Frontal Gyrus,Brodmann area 6,0
20,20,60,Frontal Lobe,Superior Frontal Gyrus,Brodmann area 6,0
20,25,60,Frontal Lobe,Superior Frontal Gyrus,Brodmann area 6,0
25,-65,60,Parietal Lobe,Superior Parietal Lobule,Brodmann area 7,0
25,-60,60,Parietal Lobe,Superior Parietal Lobule,Brodmann area 7,0
25,-55,60,Parietal Lobe,Superior Parietal Lobule,Brodmann area 7,0
25,-50,60,Parietal Lobe,Superior Parietal Lobule,Brodmann area 7,0
25,-45,60,Parietal Lobe,Sub-Gyral,Brodmann area 40,0
25,-40,60,Parietal Lobe,Sub-Gyral,Brodmann area 40,0
25,-35,60,Parietal Lobe,Postcentral Gyrus,Brodmann area 3,0
25,-30,60,Frontal Lobe,Precentral Gyrus,Brodmann area 4,0
25,-20,60,Frontal Lobe,Precentral Gyrus,Brodmann area 6,0
25,-15,60,Frontal Lobe,Middle Frontal Gyrus,Brodmann area 6,0
25,-5,60,Frontal Lobe,Sub-Gyral,Brodmann area 6,0
25,0,60,Frontal Lobe,Sub-Gyral,Brodmann area 6,0
25,5,60,Frontal Lobe,Superior Frontal Gyrus,Brodmann area 6,0
25,10,60,Frontal Lobe,Middle Frontal Gyrus,Brodmann area 6,0
25,15,60,Frontal Lobe,Middle Frontal Gyrus,Brodmann area 6,0
25,20,60,Frontal Lobe,Middle Frontal Gyrus,Brodmann area 6,0
30,-65,60,Parietal Lobe,Superior Parietal Lobule,Brodmann area 7,0
30,-60,60,Parietal Lobe,Superior Parietal Lobule,Brodmann area 7,0
30,-55,60,Parietal Lobe,Superior Parietal Lobule,Brodmann area 7,0
30,-50,60,Parietal Lobe,Superior Parietal Lobule,Brodmann area 7,0
30,-45,60,Parietal Lobe,Postcentral Gyrus,Brodmann area 5,0
30,-40,60,Parietal Lobe,Postcentral Gyrus,Brodmann area 40,0
30,-35,60,Parietal Lobe,Postcentral Gyrus,Brodmann area 3,0
30,-30,60,Frontal Lobe,Precentral Gyrus,Brodmann area 4,0
30,-15,60,Frontal Lobe,Precentral Gyrus,Brodmann area 6,0
30,-10,60,Frontal Lobe,Middle Frontal Gyrus,Brodmann area 6,0
30,10,60,Frontal Lobe,Middle Frontal Gyrus,Brodmann area 6,0
30,15,60,Frontal Lobe,Middle Frontal Gyrus,Brodmann area 6,0
35,-60,60,Parietal Lobe,Superior Parietal Lobule,Brodmann area 7,0
35,-55,60,Parietal Lobe,Superior Parietal Lobule,Brodmann area 7,0
35,-50,60,Parietal Lobe,Superior Parietal Lobule,Brodmann area 7,0
35,-45,60,Parietal Lobe,Postcentral Gyrus,Brodmann area 5,0
35,-40,60,Parietal Lobe,Postcentral Gyrus,Brodmann area 40,0
35,-35,60,Parietal Lobe,Postcentral Gyrus,Brodmann area 3,0
35,-30,60,Frontal Lobe,Precentral Gyrus,Brodmann area 4,0
35,-10,60,Frontal Lobe,Precentral Gyrus,Brodmann area 6,0
35,-5,60,Frontal Lobe,Middle Frontal Gyrus,Brodmann area 6,0
35,10,60,Frontal Lobe,Middle Frontal Gyrus,Brodmann area 6,0
40,-55,60,Parietal Lobe,Inferior Parietal Lobule,Brodmann area 40,0
40,-50,60,Parietal Lobe,Postcentral Gyrus,Brodmann area 5,0
40,-45,60,Parietal Lobe,Inferior Parietal Lobule,Brodmann area 40,0
40,-40,60,Parietal Lobe,Postcentral Gyrus,Brodmann area 2,0
40,-35,60,Parietal Lobe,Postcentral Gyrus,Brodmann area 40,0
40,-30,60,Parietal Lobe,Postcentral Gyrus,Brodmann area 3,0
40,-25,60,Frontal Lobe,Precentral Gyrus,Brodmann area 4,0
40,-20,60,Frontal Lobe,Precentral Gyrus,Brodmann area 4,0
40,-15,60,Frontal Lobe,Precentral Gyrus,Brodmann area 4,0
40,-10,60,Frontal Lobe,Precentral Gyrus,Brodmann area 6,0
40,-5,60,Frontal Lobe,Middle Frontal Gyrus,Brodmann area 6,0
40,0,60,Frontal Lobe,Middle Frontal Gyrus,Brodmann area 6,0
45,-45,60,Parietal Lobe,Inferior Parietal Lobule,Brodmann area 40,0
45,-40,60,Parietal Lobe,Inferior Parietal Lobule,Brodmann area 40,0
45,-35,60,Parietal Lobe,Postcentral Gyrus,Brodmann area 2,0
45,-30,60,Parietal Lobe,Postcentral Gyrus,Brodmann area 1,0
45,-25,60,Parietal Lobe,Postcentral Gyrus,Brodmann area 3,0
45,-20,60,Parietal Lobe,Postcentral Gyrus,Brodmann area 3,0
45,-15,60,Frontal Lobe,Precentral Gyrus,Brodmann area 4,0
45,-10,60,Frontal Lobe,Precentral Gyrus,Brodmann area 6,0
45,-5,60,Frontal Lobe,Precentral Gyrus,Brodmann area 6,0
50,-30,60,Parietal Lobe,Postcentral Gyrus,Brodmann area 2,0
50,-25,60,Parietal Lobe,Postcentral Gyrus,Brodmann area 1,0
50,-20,60,Parietal Lobe,Postcentral Gyrus,Brodmann area 3,0
-45,-30,65,Parietal Lobe,Postcentral Gyrus,Brodmann area 1,0
-45,-25,65,Parietal Lobe,Postcentral Gyrus,Brodmann area 3,0
-40,-45,65,Parietal Lobe,Postcentral Gyrus,Brodmann area 5,0
-40,-40,65,Parietal Lobe,Postcentral Gyrus,Brodmann area 2,0
-40,-35,65,Parietal Lobe,Postcentral Gyrus,Brodmann area 2,0
-40,-30,65,Parietal Lobe,Postcentral Gyrus,Brodmann area 3,0
-40,-25,65,Parietal Lobe,Postcentral Gyrus,Brodmann area 3,0
-40,-20,65,Frontal Lobe,Precentral Gyrus,Brodmann area 6,0
-40,-15,65,Frontal Lobe,Precentral Gyrus,Brodmann area 6,0
-35,-50,65,Parietal Lobe,Postcentral Gyrus,Brodmann area 5,0
-35,-45,65,Parietal Lobe,Postcentral Gyrus,Brodmann area 5,0
-35,-40,65,Parietal Lobe,Postcentral Gyrus,Brodmann area 2,0
-35,-35,65,Parietal Lobe,Postcentral Gyrus,Brodmann area 3,0
-35,-30,65,Frontal Lobe,Precentral Gyrus,Brodmann area 4,0
-35,-25,65,Frontal Lobe,Precentral Gyrus,Brodmann area 4,0
-35,-15,65,Frontal Lobe,Precentral Gyrus,Brodmann area 6,0
-35,-10,65,Frontal Lobe,Precentral Gyrus,Brodmann area 6,0
-30,-60,65,Parietal Lobe,Superior Parietal Lobule,Brodmann area 7,0
-30,-55,65,Parietal Lobe,Superior Parietal Lobule,Brodmann area 7,0
-30,-50,65,Parietal Lobe,Superior Parietal Lobule,Brodmann area 7,0
-30,-45,65,Parietal Lobe,Postcentral Gyrus,Brodmann area 5,0
-30,-40,65,Parietal Lobe,Postcentral Gyrus,Brodmann area 2,0
-30,-35,65,Parietal Lobe,Postcentral Gyrus,Brodmann area 3,0
-30,-30,65,Frontal Lobe,Precentral Gyrus,Brodmann area 4,0
-30,-25,65,Frontal Lobe,Precentral Gyrus,Brodmann area 4,0
-30,-20,65,Frontal Lobe,Precentral Gyrus,Brodmann area 6,0
-30,-15,65,Frontal Lobe,Precentral Gyrus,Brodmann area 6,0
-30,-10,65,Frontal Lobe,Middle Frontal Gyrus,Brodmann area 6,0
-30,-5,65,Frontal Lobe,Middle Frontal Gyrus,Brodmann area 6,0
-30,0,65,Frontal Lobe,Middle Frontal Gyrus,Brodmann area 6,0
-25,-65,65,Parietal Lobe,Superior Parietal Lobule,Brodmann area 7,0
-25,-60,65,Parietal Lobe,Superior Parietal Lobule,Brodmann area 7,0
-25,-55,65,Parietal Lobe,Superior Parietal Lobule,Brodmann area 7,0
-25,-50,65,Parietal Lobe,Postcentral Gyrus,Brodmann area 5,0
-25,-45,65,Parietal Lobe,Postcentral Gyrus,Brodmann area 5,0
-25,-40,65,Parietal Lobe,Postcentral Gyrus,Brodmann area 2,0
-25,-35,65,Parietal Lobe,Postcentral Gyrus,Brodmann area 3,0
-25,-30,65,Frontal Lobe,Precentral Gyrus,Brodmann area 4,0
-25,-20,65,Frontal Lobe,Precentral Gyrus,Brodmann area 6,0
-25,-15,65,Frontal Lobe,Middle Frontal Gyrus,Brodmann area 6,0
-25,-10,65,Frontal Lobe,Middle Frontal Gyrus,Brodmann area 6,0
-25,-5,65,Frontal Lobe,Middle Frontal Gyrus,Brodmann area 6,0
-25,0,65,Frontal Lobe,Middle Frontal Gyrus,Brodmann area 6,0
-25,10,65,Frontal Lobe,Middle Frontal Gyrus,Brodmann area 6,0
-20,-65,65,Parietal Lobe,Superior Parietal Lobule,Brodmann area 7,0
-20,-60,65,Parietal Lobe,Superior Parietal Lobule,Brodmann area 7,0
-20,-55,65,Parietal Lobe,Superior Parietal Lobule,Brodmann area 7,0
-20,-50,65,Parietal Lobe,Superior Parietal Lobule,Brodmann area 7,0
-20,-45,65,Parietal Lobe,Superior Parietal Lobule,Brodmann area 5,0
-20,-40,65,Parietal Lobe,Postcentral Gyrus,Brodmann area 3,0
-20,-35,65,Parietal Lobe,Postcentral Gyrus,Brodmann area 3,0
-20,-30,65,Parietal Lobe,Postcentral Gyrus,Brodmann area 3,0
-20,-15,65,Frontal Lobe,Middle Frontal Gyrus,Brodmann area 6,0
-20,-10,65,Frontal Lobe,Middle Frontal Gyrus,Brodmann area 6,0
-20,-5,65,Frontal Lobe,Middle Frontal Gyrus,Brodmann area 6,0
-20,10,65,Frontal Lobe,Middle Frontal Gyrus,Brodmann area 6,0
-20,15,65,Frontal Lobe,Superior Frontal Gyrus,Brodmann area 6,0
-15,-65,65,Parietal Lobe,Superior Parietal Lobule,Brodmann area 7,0
-15,-60,65,Parietal Lobe,Superior Parietal Lobule,Brodmann area 7,0
-15,-55,65,Parietal Lobe,Postcentral Gyrus,Brodmann area 7,0
-15,-40,65,Parietal Lobe,Postcentral Gyrus,Brodmann area 3,0
-15,-35,65,Frontal Lobe,Precentral Gyrus,Brodmann area 4,0
-15,-30,65,Frontal Lobe,Precentral Gyrus,Brodmann area 4,0
-15,-10,65,Frontal Lobe,Middle Frontal Gyrus,Brodmann area 6,0
-15,0,65,Frontal Lobe,Medial Frontal Gyrus,Brodmann area 6,0
-15,5,65,Frontal Lobe,Middle Frontal Gyrus,Brodmann area 6,0
-15,10,65,Frontal Lobe,Middle Frontal Gyrus,Brodmann area 6,0
-15,15,65,Frontal Lobe,Superior Frontal Gyrus,Brodmann area 6,0
-15,20,65,Frontal Lobe,Superior Frontal Gyrus,Brodmann area 6,0
-10,-65,65,Parietal Lobe,Precuneus,Brodmann area 7,0
-10,-60,65,Parietal Lobe,Precuneus,Brodmann area 7,0
-10,-55,65,Parietal Lobe,Postcentral Gyrus,Brodmann area 7,0
-10,-50,65,Parietal Lobe,Postcentral Gyrus,Brodmann area 5,0
-10,-40,65,Frontal Lobe,Postcentral Gyrus,Brodmann area 4,0
-10,-10,65,Frontal Lobe,Medial Frontal Gyrus,Brodmann area 6,0
-10,0,65,Frontal Lobe,Medial Frontal Gyrus,Brodmann area 6,0
-10,5,65,Frontal Lobe,Superior Frontal Gyrus,Brodmann area 6,0
-10,15,65,Frontal Lobe,Superior Frontal Gyrus,Brodmann area 6,0
-10,20,65,Frontal Lobe,Superior Frontal Gyrus,Brodmann area 6,0
-5,-65,65,Parietal Lobe,Precuneus,Brodmann area 7,0
-5,-55,65,Parietal Lobe,Precuneus,Brodmann area 7,0
-5,-50,65,Frontal Lobe,Paracentral Lobule,Brodmann area 5,0
-5,-45,65,Parietal Lobe,Postcentral Gyrus,Brodmann area 5,0
-5,-40,65,Parietal Lobe,Paracentral Lobule,Brodmann area 4,0
-5,-30,65,Frontal Lobe,Medial Frontal Gyrus,Brodmann area 6,0
-5,-15,65,Frontal Lobe,Medial Frontal Gyrus,Brodmann area 6,0
-5,-10,65,Frontal Lobe,Medial Frontal Gyrus,Brodmann area 6,0
-5,-5,65,Frontal Lobe,Medial Frontal Gyrus,Brodmann area 6,0
-5,0,65,Frontal Lobe,Medial Frontal Gyrus,Brodmann area 6,0
-5,5,65,Frontal Lobe,Superior Frontal Gyrus,Brodmann area 6,0
-5,15,65,Frontal Lobe,Superior Frontal Gyrus,Brodmann area 6,0
-5,20,65,Frontal Lobe,Superior Frontal Gyrus,Brodmann area 6,0
0,-55,65,Parietal Lobe,Precuneus,Brodmann area 7,0
0,-45,65,Frontal Lobe,Paracentral Lobule,Brodmann area 5,0
0,-40,65,Frontal Lobe,Paracentral Lobule,Brodmann area 4,0
0,-35,65,Frontal Lobe,Paracentral Lobule,Brodmann area 6,0
0,-30,65,Frontal Lobe,Medial Frontal Gyrus,Brodmann area 6,0
0,-25,65,Frontal Lobe,Medial Frontal Gyrus,Brodmann area 6,0
5,-65,65,Parietal Lobe,Precuneus,Brodmann area 7,0
5,-60,65,Parietal Lobe,Precuneus,Brodmann area 7,0
5,-55,65,Parietal Lobe,Precuneus,Brodmann area 7,0
5,-50,65,Frontal Lobe,Paracentral Lobule,Brodmann area 5,0
5,-45,65,Frontal Lobe,Paracentral Lobule,Brodmann area 5,0
5,-40,65,Frontal Lobe,Paracentral Lobule,Brodmann area 4,0
5,-35,65,Frontal Lobe,Paracentral Lobule,Brodmann area 6,0
5,-30,65,Frontal Lobe,Medial Frontal Gyrus,Brodmann area 6,0
5,-25,65,Frontal Lobe,Medial Frontal Gyrus,Brodmann area 6,0
5,-20,65,Frontal Lobe,Medial Frontal Gyrus,Brodmann area 6,0
5,-15,65,Frontal Lobe,Medial Frontal Gyrus,Brodmann area 6,0
5,-10,65,Frontal Lobe,Medial Frontal Gyrus,Brodmann area 6,0
5,-5,65,Frontal Lobe,Medial Frontal Gyrus,Brodmann area 6,0
5,0,65,Frontal Lobe,Medial Frontal Gyrus,Brodmann area 6,0
5,5,65,Frontal Lobe,Superior Frontal Gyrus,Brodmann area 6,0
5,10,65,Frontal Lobe,Superior Frontal Gyrus,Brodmann area 6,0
5,15,65,Frontal Lobe,Superior Frontal Gyrus,Brodmann area 6,0
5,20,65,Frontal Lobe,Superior Frontal Gyrus,Brodmann area 6,0
10,-65,65,Parietal Lobe,Precuneus,Brodmann area 7,0
10,-60,65,Parietal Lobe,Postcentral Gyrus,Brodmann area 7,0
10,-55,65,Parietal Lobe,Postcentral Gyrus,Brodmann area 7,0
10,-50,65,Frontal Lobe,Paracentral Lobule,Brodmann area 5,0
10,-40,65,Parietal Lobe,Paracentral Lobule,Brodmann area 4,0
10,-30,65,Frontal Lobe,Medial Frontal Gyrus,Brodmann area 6,0
10,-15,65,Frontal Lobe,Medial Frontal Gyrus,Brodmann area 6,0
10,-10,65,Frontal Lobe,Medial Frontal Gyrus,Brodmann area 6,0
10,0,65,Frontal Lobe,Medial Frontal Gyrus,Brodmann area 6,0
10,5,65,Frontal Lobe,Superior Frontal Gyrus,Brodmann area 6,0
10,15,65,Frontal Lobe,Superior Frontal Gyrus,Brodmann area 6,0
10,20,65,Frontal Lobe,Superior Frontal Gyrus,Brodmann area 6,0
15,-65,65,Parietal Lobe,Superior Parietal Lobule,Brodmann area 7,0
15,-60,65,Parietal Lobe,Superior Parietal Lobule,Brodmann area 7,0
15,-55,65,Parietal Lobe,Postcentral Gyrus,Brodmann area 7,0
15,-40,65,Frontal Lobe,Postcentral Gyrus,Brodmann area 4,0
15,0,65,Frontal Lobe,Medial Frontal Gyrus,Brodmann area 6,0
15,5,65,Frontal Lobe,Superior Frontal Gyrus,Brodmann area 6,0
15,10,65,Frontal Lobe,Middle Frontal Gyrus,Brodmann area 6,0
15,15,65,Frontal Lobe,Superior Frontal Gyrus,Brodmann area 6,0
20,-65,65,Parietal Lobe,Superior Parietal Lobule,Brodmann area 7,0
20,-60,65,Parietal Lobe,Superior Parietal Lobule,Brodmann area 7,0
20,-55,65,Parietal Lobe,Superior Parietal Lobule,Brodmann area 7,0
20,-50,65,Parietal Lobe,Superior Parietal Lobule,Brodmann area 7,0
20,-45,65,Parietal Lobe,Superior Parietal Lobule,Brodmann area 5,0
20,-40,65,Parietal Lobe,Postcentral Gyrus,Brodmann area 3,0
20,-35,65,Parietal Lobe,Postcentral Gyrus,Brodmann area 3,0
20,-30,65,Frontal Lobe,Precentral Gyrus,Brodmann area 4,0
20,-10,65,Frontal Lobe,Middle Frontal Gyrus,Brodmann area 6,0
20,-5,65,Frontal Lobe,Middle Frontal Gyrus,Brodmann area 6,0
20,10,65,Frontal Lobe,Middle Frontal Gyrus,Brodmann area 6,0
20,15,65,Frontal Lobe,Superior Frontal Gyrus,Brodmann area 6,0
25,-65,65,Parietal Lobe,Superior Parietal Lobule,Brodmann area 7,0
25,-60,65,Parietal Lobe,Superior Parietal Lobule,Brodmann area 7,0
25,-55,65,Parietal Lobe,Superior Parietal Lobule,Brodmann area 7,0
25,-50,65,Parietal Lobe,Superior Parietal Lobule,Brodmann area 7,0
25,-45,65,Parietal Lobe,Postcentral Gyrus,Brodmann area 5,0
25,-40,65,Parietal Lobe,Postcentral Gyrus,Brodmann area 2,0
25,-35,65,Parietal Lobe,Postcentral Gyrus,Brodmann area 3,0
25,-30,65,Frontal Lobe,Precentral Gyrus,Brodmann area 4,0
25,-15,65,Frontal Lobe,Middle Frontal Gyrus,Brodmann area 6,0
25,-10,65,Frontal Lobe,Middle Frontal Gyrus,Brodmann area 6,0
25,-5,65,Frontal Lobe,Middle Frontal Gyrus,Brodmann area 6,0
25,0,65,Frontal Lobe,Middle Frontal Gyrus,Brodmann area 6,0
25,10,65,Frontal Lobe,Middle Frontal Gyrus,Brodmann area 6,0
30,-50,65,Parietal Lobe,Superior Parietal Lobule,Brodmann area 7,0
30,-45,65,Parietal Lobe,Postcentral Gyrus,Brodmann area 5,0
30,-40,65,Parietal Lobe,Postcentral Gyrus,Brodmann area 2,0
30,-35,65,Parietal Lobe,Postcentral Gyrus,Brodmann area 3,0
30,-30,65,Frontal Lobe,Precentral Gyrus,Brodmann area 4,0
30,-20,65,Frontal Lobe,Precentral Gyrus,Brodmann area 6,0
30,-15,65,Frontal Lobe,Precentral Gyrus,Brodmann area 6,0
30,-10,65,Frontal Lobe,Middle Frontal Gyrus,Brodmann area 6,0
30,-5,65,Frontal Lobe,Middle Frontal Gyrus,Brodmann area 6,0
30,0,65,Frontal Lobe,Middle Frontal Gyrus,Brodmann area 6,0
30,5,65,Frontal Lobe,Middle Frontal Gyrus,Brodmann area 6,0
30,10,65,Frontal Lobe,Middle Frontal Gyrus,Brodmann area 6,0
35,-50,65,Parietal Lobe,Postcentral Gyrus,Brodmann area 5,0
35,-45,65,Parietal Lobe,Postcentral Gyrus,Brodmann area 5,0
35,-40,65,Parietal Lobe,Postcentral Gyrus,Brodmann area 2,0
35,-35,65,Parietal Lobe,Postcentral Gyrus,Brodmann area 3,0
35,-30,65,Frontal Lobe,Precentral Gyrus,Brodmann area 4,0
35,-25,65,Frontal Lobe,Precentral Gyrus,Brodmann area 4,0
35,-15,65,Frontal Lobe,Precentral Gyrus,Brodmann area 6,0
35,-10,65,Frontal Lobe,Precentral Gyrus,Brodmann area 6,0
35,-5,65,Frontal Lobe,Middle Frontal Gyrus,Brodmann area 6,0
35,0,65,Frontal Lobe,Middle Frontal Gyrus,Brodmann area 6,0
40,-45,65,Parietal Lobe,Postcentral Gyrus,Brodmann area 5,0
40,-40,65,Parietal Lobe,Postcentral Gyrus,Brodmann area 2,0
40,-35,65,Parietal Lobe,Postcentral Gyrus,Brodmann area 3,0
40,-30,65,Frontal Lobe,Precentral Gyrus,Brodmann area 4,0
40,-25,65,Frontal Lobe,Precentral Gyrus,Brodmann area 4,0
40,-20,65,Frontal Lobe,Precentral Gyrus,Brodmann area 4,0
40,-15,65,Frontal Lobe,Precentral Gyrus,Brodmann area 6,0
40,-10,65,Frontal Lobe,Precentral Gyrus,Brodmann area 6,0
45,-30,65,Parietal Lobe,Postcentral Gyrus,Brodmann area 1,0
45,-20,65,Frontal Lobe,Precentral Gyrus,Brodmann area 6,0
-35,-35,70,Parietal Lobe,Postcentral Gyrus,Brodmann area 1,0
-35,-30,70,Frontal Lobe,Precentral Gyrus,Brodmann area 4,0
-35,-25,70,Frontal Lobe,Precentral Gyrus,Brodmann area 6,0
-35,-20,70,Frontal Lobe,Precentral Gyrus,Brodmann area 6,0
-30,-45,70,Parietal Lobe,Postcentral Gyrus,Brodmann area 5,0
-30,-40,70,Parietal Lobe,Postcentral Gyrus,Brodmann area 2,0
-30,-35,70,Parietal Lobe,Postcentral Gyrus,Brodmann area 3,0
-30,-30,70,Frontal Lobe,Precentral Gyrus,Brodmann area 4,0
-30,-20,70,Frontal Lobe,Precentral Gyrus,Brodmann area 6,0
-30,-15,70,Frontal Lobe,Precentral Gyrus,Brodmann area 6,0
-25,-50,70,Parietal Lobe,Postcentral Gyrus,Brodmann area 5,0
-25,-45,70,Parietal Lobe,Postcentral Gyrus,Brodmann area 5,0
-25,-40,70,Parietal Lobe,Postcentral Gyrus,Brodmann area 2,0
-25,-35,70,Parietal Lobe,Postcentral Gyrus,Brodmann area 3,0
-25,-30,70,Frontal Lobe,Precentral Gyrus,Brodmann area 4,0
-25,-15,70,Frontal Lobe,Precentral Gyrus,Brodmann area 6,0
-25,-10,70,Frontal Lobe,Superior Frontal Gyrus,Brodmann area 6,0
-25,-5,70,Frontal Lobe,Superior Frontal Gyrus,Brodmann area 6,0
-20,-55,70,Parietal Lobe,Postcentral Gyrus,Brodmann area 7,0
-20,-50,70,Parietal Lobe,Postcentral Gyrus,Brodmann area 5,0
-20,-40,70,Parietal Lobe,Postcentral Gyrus,Brodmann area 3,0
-20,-35,70,Parietal Lobe,Postcentral Gyrus,Brodmann area 3,0
-20,-30,70,Parietal Lobe,Postcentral Gyrus,Brodmann area 3,0
-20,-20,70,Frontal Lobe,Precentral Gyrus,Brodmann area 6,0
-20,-15,70,Frontal Lobe,Superior Frontal Gyrus,Brodmann area 6,0
-20,-10,70,Frontal Lobe,Superior Frontal Gyrus,Brodmann area 6,0
-20,-5,70,Frontal Lobe,Superior Frontal Gyrus,Brodmann area 6,0
-20,0,70,Frontal Lobe,Superior Frontal Gyrus,Brodmann area 6,0
-20,5,70,Frontal Lobe,Superior Frontal Gyrus,Brodmann area 6,0
-20,10,70,Frontal Lobe,Superior Frontal Gyrus,Brodmann area 6,0
-15,-55,70,Parietal Lobe,Postcentral Gyrus,Brodmann area 7,0
-15,-40,70,Parietal Lobe,Postcentral Gyrus,Brodmann area 3,0
-15,-35,70,Frontal Lobe,Precentral Gyrus,Brodmann area 4,0
-15,-30,70,Frontal Lobe,Precentral Gyrus,Brodmann area 4,0
-15,-20,70,Frontal Lobe,Precentral Gyrus,Brodmann area 6,0
-15,-15,70,Frontal Lobe,Superior Frontal Gyrus,Brodmann area 6,0
-15,-10,70,Frontal Lobe,Superior Frontal Gyrus,Brodmann area 6,0
-15,-5,70,Frontal Lobe,Superior Frontal Gyrus,Brodmann area 6,0
-15,10,70,Frontal Lobe,Superior Frontal Gyrus,Brodmann area 6,0
-10,-60,70,Parietal Lobe,Postcentral Gyrus,Brodmann area 7,0
-10,-55,70,Parietal Lobe,Postcentral Gyrus,Brodmann area 7,0
-10,-50,70,Parietal Lobe,Postcentral Gyrus,Brodmann area 5,0
-10,-40,70,Parietal Lobe,Postcentral Gyrus,Brodmann area 3,0
-10,-35,70,Frontal Lobe,Postcentral Gyrus,Brodmann area 4,0
-10,-20,70,Frontal Lobe,Precentral Gyrus,Brodmann area 6,0
-10,-15,70,Frontal Lobe,Medial Frontal Gyrus,Brodmann area 6,0
-10,-10,70,Frontal Lobe,Superior Frontal Gyrus,Brodmann area 6,0
-10,-5,70,Frontal Lobe,Superior Frontal Gyrus,Brodmann area 6,0
-10,5,70,Frontal Lobe,Superior Frontal Gyrus,Brodmann area 6,0
-10,10,70,Frontal Lobe,Superior Frontal Gyrus,Brodmann area 6,0
-5,-55,70,Parietal Lobe,Postcentral Gyrus,Brodmann area 7,0
-5,-50,70,Parietal Lobe,Postcentral Gyrus,Brodmann area 5,0
-5,-45,70,Parietal Lobe,Postcentral Gyrus,Brodmann area 5,0
-5,-40,70,Parietal Lobe,Paracentral Lobule,Brodmann area 4,0
-5,-35,70,Frontal Lobe,Paracentral Lobule,Brodmann area 6,0
-5,-30,70,Frontal Lobe,Medial Frontal Gyrus,Brodmann area 6,0
-5,-25,70,Frontal Lobe,Medial Frontal Gyrus,Brodmann area 6,0
-5,-20,70,Frontal Lobe,Medial Frontal Gyrus,Brodmann area 6,0
-5,-15,70,Frontal Lobe,Medial Frontal Gyrus,Brodmann area 6,0
-5,-10,70,Frontal Lobe,Superior Frontal Gyrus,Brodmann area 6,0
-5,-5,70,Frontal Lobe,Superior Frontal Gyrus,Brodmann area 6,0
-5,0,70,Frontal Lobe,Superior Frontal Gyrus,Brodmann area 6,0
-5,5,70,Frontal Lobe,Superior Frontal Gyrus,Brodmann area 6,0
-5,10,70,Frontal Lobe,Superior Frontal Gyrus,Brodmann area 6,0
5,-55,70,Parietal Lobe,Postcentral Gyrus,Brodmann area 7,0
5,-50,70,Parietal Lobe,Postcentral Gyrus,Brodmann area 5,0
5,-45,70,Parietal Lobe,Postcentral Gyrus,Brodmann area 5,0
5,-40,70,Parietal Lobe,Paracentral Lobule,Brodmann area 4,0
5,-35,70,Frontal Lobe,Paracentral Lobule,Brodmann area 6,0
5,-30,70,Frontal Lobe,Medial Frontal Gyrus,Brodmann area 6,0
5,-25,70,Frontal Lobe,Medial Frontal Gyrus,Brodmann area 6,0
5,-20,70,Frontal Lobe,Medial Frontal Gyrus,Brodmann area 6,0
5,-15,70,Frontal Lobe,Medial Frontal Gyrus,Brodmann area 6,0
5,-10,70,Frontal Lobe,Superior Frontal Gyrus,Brodmann area 6,0
5,-5,70,Frontal Lobe,Superior Frontal Gyrus,Brodmann area 6,0
5,0,70,Frontal Lobe,Superior Frontal Gyrus,Brodmann area 6,0
5,5,70,Frontal Lobe,Superior Frontal Gyrus,Brodmann area 6,0
10,-60,70,Parietal Lobe,Postcentral Gyrus,Brodmann area 7,0
10,-55,70,Parietal Lobe,Postcentral Gyrus,Brodmann area 7,0
10,-50,70,Parietal Lobe,Postcentral Gyrus,Brodmann area 5,0
10,-45,70,Parietal Lobe,Paracentral Lobule,Brodmann area 4,0
10,-40,70,Parietal Lobe,Paracentral Lobule,Brodmann area 4,0
10,-35,70,Frontal Lobe,Postcentral Gyrus,Brodmann area 3,0
10,-30,70,Frontal Lobe,Medial Frontal Gyrus,Brodmann area 6,0
10,-20,70,Frontal Lobe,Superior Frontal Gyrus,Brodmann area 6,0
10,-15,70,Frontal Lobe,Medial Frontal Gyrus,Brodmann area 6,0
10,-10,70,Frontal Lobe,Superior Frontal Gyrus,Brodmann area 6,0
10,-5,70,Frontal Lobe,Superior Frontal Gyrus,Brodmann area 6,0
10,5,70,Frontal Lobe,Superior Frontal Gyrus,Brodmann area 6,0
10,10,70,Frontal Lobe,Superior Frontal Gyrus,Brodmann area 6,0
15,-55,70,Parietal Lobe,Postcentral Gyrus,Brodmann area 7,0
15,-40,70,Parietal Lobe,Postcentral Gyrus,Brodmann area 3,0
15,-35,70,Frontal Lobe,Precentral Gyrus,Brodmann area 4,0
15,-20,70,Frontal Lobe,Precentral Gyrus,Brodmann area 6,0
15,-15,70,Frontal Lobe,Superior Frontal Gyrus,Brodmann area 6,0
15,-10,70,Frontal Lobe,Superior Frontal Gyrus,Brodmann area 6,0
20,-55,70,Parietal Lobe,Postcentral Gyrus,Brodmann area 7,0
20,-50,70,Parietal Lobe,Postcentral Gyrus,Brodmann area 5,0
20,-40,70,Parietal Lobe,Postcentral Gyrus,Brodmann area 3,0
20,-35,70,Frontal Lobe,Postcentral Gyrus,Brodmann area 4,0
20,-30,70,Frontal Lobe,Precentral Gyrus,Brodmann area 4,0
20,-20,70,Frontal Lobe,Precentral Gyrus,Brodmann area 6,0
20,-15,70,Frontal Lobe,Superior Frontal Gyrus,Brodmann area 6,0
20,-10,70,Frontal Lobe,Superior Frontal Gyrus,Brodmann area 6,0
20,-5,70,Frontal Lobe,Superior Frontal Gyrus,Brodmann area 6,0
20,0,70,Frontal Lobe,Superior Frontal Gyrus,Brodmann area 6,0
20,5,70,Frontal Lobe,Superior Frontal Gyrus,Brodmann area 6,0
25,-55,70,Parietal Lobe,Postcentral Gyrus,Brodmann area 7,0
25,-50,70,Parietal Lobe,Postcentral Gyrus,Brodmann area 5,0
25,-45,70,Parietal Lobe,Postcentral Gyrus,Brodmann area 5,0
25,-40,70,Parietal Lobe,Postcentral Gyrus,Brodmann area 2,0
25,-35,70,Parietal Lobe,Postcentral Gyrus,Brodmann area 3,0
25,-30,70,Frontal Lobe,Precentral Gyrus,Brodmann area 4,0
25,-15,70,Frontal Lobe,Precentral Gyrus,Brodmann area 6,0
25,-10,70,Frontal Lobe,Superior Frontal Gyrus,Brodmann area 6,0
25,-5,70,Frontal Lobe,Superior Frontal Gyrus,Brodmann area 6,0
25,0,70,Frontal Lobe,Superior Frontal Gyrus,Brodmann area 6,0
30,-45,70,Parietal Lobe,Postcentral Gyrus,Brodmann area 5,0
30,-40,70,Parietal Lobe,Postcentral Gyrus,Brodmann area 2,0
30,-35,70,Parietal Lobe,Postcentral Gyrus,Brodmann area 3,0
30,-30,70,Frontal Lobe,Precentral Gyrus,Brodmann area 4,0
30,-15,70,Frontal Lobe,Precentral Gyrus,Brodmann area 6,0
30,-10,70,Frontal Lobe,Superior Frontal Gyrus,Brodmann area 6,0
35,-40,70,Parietal Lobe,Postcentral Gyrus,Brodmann area 2,0
35,-30,70,Frontal Lobe,Precentral Gyrus,Brodmann area 4,0
35,-25,70,Frontal Lobe,Precentral Gyrus,Brodmann area 6,0
35,-15,70,Frontal Lobe,Precentral Gyrus,Brodmann area 6,0
